The number of jobs:
60

The number of machines:
6

The number of workers:
3

The processing power of each machine:
(Where columns denote machines: 1 to 6.)
2,19,16,14,15,16

The idle power of each machine:
(Where columns denote machines: 1 to 6.)
1,10,2,6,6,1

The initial coefficient of each worker on each machine:
(Where rows denote workers: 1 to 3 and columns denote machines: 1 to 6.)
1.25,0.75,1.5,1.5,1.25,0.75
1,1.25,0.5,1,1.25,1
0.75,0.75,1.5,0.5,0.5,1

The basic processing time of jobs processed on different machines:
(Where rows denote jobs: 1 to 60 and columns denote machines: 1 to 6.)
65,33,74,11,70,31
3,41,95,2,98,85
74,47,39,51,40,75
1,81,33,62,67,44
26,13,66,31,43,94
1,95,87,60,88,45
79,32,75,38,17,34
58,48,91,73,93,56
50,41,22,68,84,73
83,77,91,51,69,83
82,1,37,54,27,2
82,8,35,90,6,51
86,35,30,51,79,68
68,37,68,53,60,31
59,92,84,95,21,13
10,58,62,67,22,21
74,64,9,34,87,91
26,51,42,23,33,56
98,52,86,71,67,4
78,78,87,18,68,84
47,54,49,89,37,86
53,4,61,27,15,89
72,91,25,52,96,51
3,64,61,98,82,96
99,51,70,36,47,29
1,93,26,33,65,40
15,64,79,68,23,10
4,27,46,10,35,28
19,12,13,53,71,27
5,25,28,16,34,3
75,72,79,32,26,39
75,49,40,60,57,41
57,15,30,43,70,18
76,30,94,7,56,5
41,92,73,11,72,42
54,77,4,97,79,35
22,58,75,35,11,85
43,15,81,72,87,98
87,50,9,56,42,52
70,86,48,63,53,44
77,97,23,37,71,40
75,71,51,75,96,30
15,49,37,66,73,36
72,5,78,55,57,47
76,63,34,21,71,35
96,72,15,77,27,88
81,93,64,50,37,39
77,10,14,44,42,34
8,43,7,83,89,62
8,91,99,20,45,67
10,12,86,58,38,5
40,42,50,46,75,23
66,50,79,12,61,59
95,27,58,28,32,8
48,80,10,41,64,90
18,13,90,24,73,72
75,56,3,26,41,37
64,57,35,97,33,13
31,76,39,92,20,78
90,93,52,96,93,70

The initial sequence dependent setup time of each job processed on machine 1.
(Where rows denote jobs: 1 to 60 and columns denote jobs: 0 to 60.For example:The value of Sijk is in row j,column i+1.)
10,19,94,12,96,57,6,62,90,53,23,72,66,77,17,36,45,98,25,2,1,54,26,77,65,43,94,33,15,80,54,62,48,94,26,5,60,32,18,60,30,25,33,40,18,3,50,85,97,15,83,13,65,31,60,23,9,95,90,62,6
87,16,49,97,66,26,73,93,52,44,35,93,43,78,90,77,9,46,19,84,5,64,15,66,7,97,99,25,54,30,19,87,99,35,29,50,98,60,60,11,60,17,50,19,24,21,85,73,51,4,56,48,28,43,59,41,77,32,59,92,58
95,85,47,57,12,87,73,94,49,78,27,72,95,56,51,23,98,72,85,53,12,43,96,67,35,47,3,49,12,56,80,68,86,34,47,58,73,99,18,60,15,10,6,95,55,86,62,59,63,86,14,91,61,3,85,79,33,40,92,51,97
21,64,78,4,91,9,48,51,32,96,59,61,1,39,58,14,86,65,46,67,56,84,4,18,4,92,46,23,43,22,63,16,30,66,76,57,15,21,68,70,39,58,23,47,42,18,81,30,68,75,84,19,28,4,21,1,66,49,62,9,93
30,73,58,31,76,66,37,60,73,60,1,37,3,4,91,89,91,70,11,79,67,12,25,20,24,53,32,95,35,36,84,82,29,92,79,82,76,29,84,96,11,10,50,98,62,41,28,88,23,1,79,16,50,6,42,93,1,54,96,29,8
80,8,23,69,86,98,99,20,72,85,4,21,41,24,40,50,4,7,36,77,89,22,26,99,78,93,61,40,17,34,31,13,13,77,22,76,79,7,26,98,53,49,41,75,93,39,81,6,4,22,94,55,74,34,52,8,69,80,8,29,60
17,62,16,98,43,13,98,76,43,4,71,82,28,66,31,49,76,16,58,2,6,45,27,44,97,99,65,60,91,72,4,55,97,10,65,55,98,81,22,54,33,13,39,1,82,63,54,95,11,50,38,27,10,22,73,1,79,69,46,81,67
17,35,62,56,68,6,80,87,73,45,72,87,79,93,20,43,84,58,87,50,4,8,60,99,8,14,13,74,91,8,2,90,55,42,61,53,19,6,74,11,34,20,33,63,97,92,64,62,98,73,31,93,43,86,50,43,34,85,13,24,81
99,53,65,73,68,45,29,19,7,99,54,55,6,6,4,75,19,54,50,22,30,49,3,78,55,42,51,41,23,5,91,51,76,48,12,33,21,78,90,52,5,34,56,74,73,45,25,41,37,91,10,60,43,40,14,85,26,23,92,29,9
60,78,14,87,59,1,42,45,3,90,51,9,57,75,63,49,95,91,49,17,12,85,37,67,37,65,17,1,76,24,90,57,2,31,16,40,66,61,11,67,77,6,83,54,68,92,18,79,99,21,82,78,36,65,37,7,26,59,62,16,38
60,9,65,31,13,88,79,88,1,69,27,9,35,99,6,4,61,22,99,69,2,70,38,32,64,81,82,53,56,84,29,97,46,59,60,2,26,56,93,6,15,72,2,44,72,58,8,18,64,97,32,18,7,55,68,91,26,94,38,52,86
96,35,97,23,53,85,56,12,84,22,11,31,26,90,25,80,44,22,32,56,1,57,51,94,29,56,25,14,76,88,94,99,57,87,61,23,48,50,93,82,60,50,36,98,3,99,15,94,39,49,23,95,56,66,58,53,95,93,35,24,8
73,59,43,94,33,95,26,16,49,15,72,29,45,59,94,13,8,56,60,55,76,44,24,1,1,90,46,25,99,98,94,45,20,50,48,81,70,65,87,91,72,14,1,17,49,78,75,44,66,46,34,71,55,58,56,54,81,24,43,18,96
56,20,81,67,40,21,50,9,8,21,77,39,26,32,52,37,20,30,54,34,72,3,65,65,97,43,33,80,57,52,94,94,18,56,50,37,85,43,88,73,29,96,40,52,18,6,33,47,8,43,32,79,79,46,86,59,67,36,74,19,14
34,56,44,62,47,1,13,63,42,21,22,96,82,32,20,80,59,12,48,40,48,25,38,97,33,51,67,52,98,76,44,99,80,4,73,11,48,2,31,82,19,26,4,69,37,90,37,15,81,49,20,54,12,63,85,62,78,47,12,72,58
3,10,62,83,8,65,80,38,4,28,18,93,36,9,38,78,42,86,24,83,27,71,7,29,70,89,91,52,81,49,70,16,53,55,23,19,1,77,15,59,85,77,17,63,77,63,69,98,21,3,62,80,35,14,40,81,8,53,3,54,96
96,33,50,7,10,43,42,16,57,62,94,25,90,64,54,77,35,81,90,71,31,52,88,48,52,31,8,76,19,73,21,64,7,39,52,37,31,77,80,55,89,46,54,29,36,44,84,2,54,40,35,63,85,51,44,79,36,52,60,43,70
6,65,63,22,91,7,94,51,98,44,4,51,31,15,30,20,4,6,94,82,36,81,13,34,40,84,41,60,14,47,43,21,38,92,34,17,91,64,32,24,90,96,80,12,37,26,80,46,79,66,27,45,68,67,37,20,28,59,73,45,62
40,91,62,21,78,57,60,23,6,17,83,53,24,32,79,82,21,54,36,66,12,43,52,16,57,73,52,73,53,17,93,99,14,44,51,50,68,97,8,37,19,65,43,16,18,99,64,84,94,52,69,12,15,55,72,57,93,6,77,87,74
21,87,65,70,38,37,7,9,5,53,76,50,71,17,74,28,69,67,31,10,34,51,31,81,99,59,35,15,60,98,66,31,67,58,7,21,99,31,36,1,22,54,54,54,52,82,60,91,79,30,39,81,94,70,47,2,33,70,31,89,57
86,42,97,43,27,82,99,51,17,59,82,91,74,80,99,97,7,83,75,97,16,92,71,18,29,63,46,19,67,67,61,23,79,93,86,40,64,62,64,6,71,37,62,82,69,87,56,51,63,3,34,8,87,18,69,15,20,79,27,91,58
26,40,57,67,38,39,6,66,93,12,76,52,64,28,29,63,32,88,47,1,12,39,35,15,4,86,24,73,73,24,74,95,79,38,66,76,42,92,41,69,79,51,51,95,87,24,91,47,98,75,45,58,96,65,28,70,69,86,77,68,24
34,26,85,10,98,71,25,99,95,1,74,39,42,24,26,36,77,11,99,56,23,27,7,14,75,18,6,13,31,77,19,78,42,1,63,28,75,96,29,32,61,61,56,14,76,63,54,64,41,46,36,81,94,58,49,71,50,18,16,35,41
89,59,64,14,49,10,99,42,88,95,97,38,8,9,2,3,48,98,13,85,43,29,24,21,36,31,76,19,30,50,67,66,39,83,54,60,4,49,47,33,55,87,23,24,54,44,5,67,5,48,46,47,74,45,8,7,17,54,4,25,6
38,23,78,81,64,92,65,91,55,1,82,70,95,40,8,85,60,73,61,87,48,38,95,71,21,82,61,5,54,97,1,56,33,37,2,75,33,81,95,54,64,55,49,70,54,9,90,79,76,79,3,7,35,86,48,40,16,62,51,15,41
63,56,13,97,91,15,97,26,40,4,8,75,85,92,70,37,17,36,32,5,34,95,32,15,84,89,64,84,16,86,15,25,12,64,7,40,10,55,47,38,84,94,72,65,14,85,55,96,43,37,91,94,23,60,1,7,47,80,77,91,22
65,14,91,23,32,8,79,5,57,61,81,81,50,39,11,72,49,14,21,64,3,32,83,23,25,34,80,87,29,71,93,93,71,82,65,83,36,70,72,47,59,56,43,19,11,83,86,17,28,43,34,74,9,19,22,21,50,81,47,31,66
44,53,32,60,12,31,86,7,48,65,79,49,4,86,1,63,39,1,37,2,54,29,79,59,87,60,61,70,23,67,81,62,15,38,81,6,18,37,53,57,7,51,24,50,50,28,18,14,53,31,26,60,72,80,47,23,11,88,64,75,60
40,99,21,51,25,9,20,53,8,43,9,43,18,5,79,91,30,54,13,28,32,91,73,67,8,78,16,95,64,31,13,54,35,76,60,79,2,80,76,64,3,81,93,22,90,13,29,58,47,30,19,94,3,42,92,28,1,17,22,87,99
54,65,41,22,9,73,2,82,60,56,4,75,93,71,65,47,28,63,31,62,11,52,83,94,37,28,60,84,89,71,6,69,77,30,32,13,49,85,78,32,1,83,54,98,19,39,20,92,61,84,98,67,55,13,54,74,33,67,37,60,61
56,37,35,49,72,21,72,60,70,89,73,14,95,52,80,54,65,64,97,98,59,22,6,70,78,15,34,7,5,82,66,13,89,59,34,23,56,40,46,74,2,97,31,34,51,80,48,82,31,71,65,75,57,5,97,24,5,38,2,96,25
38,49,1,79,95,56,93,66,84,57,24,26,69,68,37,66,71,71,4,44,79,90,33,25,29,78,99,46,26,23,18,76,22,62,25,68,61,92,70,72,77,18,80,28,30,98,26,70,40,94,99,86,49,12,55,15,88,62,53,37,8
5,71,4,25,35,24,20,12,50,95,26,54,68,97,19,60,23,53,99,54,60,37,46,33,3,63,76,74,23,26,40,96,1,84,68,33,16,48,26,98,43,87,21,55,7,79,9,31,60,42,6,9,72,59,18,62,77,29,56,11,74
13,11,93,3,25,77,30,82,42,73,11,91,58,19,9,45,9,69,28,96,9,22,2,16,42,40,83,63,59,37,74,58,71,97,60,4,81,42,68,98,97,19,31,91,38,65,88,99,59,60,96,72,98,42,45,58,3,53,10,7,97
31,86,41,78,49,98,62,33,98,27,15,2,82,37,66,21,11,23,67,21,36,99,55,36,37,79,17,97,35,6,1,5,11,41,93,99,34,30,21,26,4,73,15,46,14,31,24,47,10,79,99,10,11,28,43,48,82,84,5,36,18
7,38,71,98,5,75,69,26,82,43,33,86,60,99,61,34,68,6,32,15,21,17,31,53,24,64,5,98,52,78,42,13,80,40,11,12,71,73,48,7,20,44,75,11,30,61,27,23,43,9,39,88,45,24,46,47,16,72,33,79,54
80,81,90,49,60,95,63,70,99,55,92,54,95,5,82,97,49,6,38,58,76,66,20,16,84,60,45,98,38,15,12,23,50,16,73,40,73,1,78,48,26,4,7,17,15,10,99,81,69,92,37,76,90,76,89,61,31,57,13,96,59
8,86,33,84,9,61,63,40,82,88,62,51,52,96,82,57,26,37,53,71,2,58,67,71,17,73,99,97,2,36,38,92,22,93,77,73,57,16,89,37,40,63,29,18,10,60,36,83,75,43,19,33,21,89,55,12,52,79,81,66,44
40,21,33,93,50,96,30,43,1,44,2,8,58,19,88,63,67,91,55,82,66,3,45,25,6,64,1,73,11,81,11,7,82,10,81,53,46,49,30,16,83,22,68,86,37,43,6,97,98,59,92,70,81,60,78,61,21,26,48,18,70
60,92,42,3,25,56,95,9,3,95,3,39,92,5,51,17,88,21,94,78,77,64,46,28,18,28,57,97,79,25,35,77,32,84,65,69,75,53,27,4,32,31,93,56,92,68,43,98,48,97,30,25,48,14,18,83,41,84,70,27,59
92,69,17,90,98,48,93,56,89,99,41,53,43,90,58,88,73,8,3,16,15,63,9,77,88,32,61,53,8,51,36,93,39,67,14,72,75,38,75,59,84,96,55,74,31,35,52,17,65,53,51,78,11,22,7,68,75,12,83,33,45
3,63,33,40,93,32,83,15,94,27,91,15,3,17,49,89,98,71,68,44,73,46,69,14,33,77,53,66,79,37,82,18,38,2,34,24,3,45,44,99,24,54,84,90,25,2,93,27,21,44,30,34,67,10,6,47,25,94,73,21,1
34,15,68,70,24,45,95,99,74,69,93,44,14,14,83,74,73,55,77,85,94,68,38,37,34,66,96,41,8,13,73,32,59,22,87,34,51,44,18,10,86,47,33,57,86,51,23,95,67,52,56,58,61,87,90,50,64,15,88,77,93
1,11,40,99,97,98,60,52,60,26,65,16,96,42,6,64,74,32,64,79,63,10,11,57,55,66,26,12,18,96,41,90,80,98,2,47,81,73,51,54,84,96,20,42,49,72,11,69,8,91,70,42,51,69,63,39,97,85,87,73,82
56,19,19,68,9,84,69,43,66,31,97,49,2,71,37,47,7,91,59,98,70,5,35,54,20,46,29,69,30,33,24,72,69,33,68,2,16,89,23,13,52,39,69,8,17,80,76,54,75,40,74,88,75,13,61,99,17,3,46,35,22
9,14,14,22,73,96,75,7,31,17,56,82,87,89,7,80,48,39,85,52,90,97,88,91,64,15,44,21,7,26,40,90,58,47,32,48,33,32,5,10,48,31,14,66,2,87,22,21,57,81,25,78,97,72,95,43,1,11,67,60,53
95,10,88,82,32,56,48,70,29,24,53,98,59,71,18,93,26,51,18,62,45,37,18,27,24,44,52,56,64,55,75,89,36,75,7,20,85,54,99,65,56,15,12,15,74,71,1,16,12,69,49,7,15,57,23,14,87,91,42,66,33
29,36,87,15,84,43,29,29,50,12,34,61,35,66,10,4,66,35,57,41,93,29,68,12,71,45,73,13,6,20,19,26,78,5,98,40,92,12,98,57,9,81,17,87,26,68,21,37,79,76,28,64,6,39,48,99,99,38,75,83,44
65,26,18,16,88,59,36,74,41,8,27,80,91,64,37,92,77,77,42,78,10,82,71,47,32,73,68,82,21,14,39,72,19,32,20,41,16,21,95,53,68,96,28,84,51,47,73,3,64,1,74,40,26,6,10,23,31,73,32,38,20
95,44,94,62,17,78,4,10,68,68,15,26,64,6,55,52,1,89,6,97,17,65,61,2,89,81,74,91,98,36,99,48,21,28,20,1,92,94,30,46,31,20,69,45,1,18,50,89,69,77,34,8,96,45,64,96,7,62,9,43,62
80,41,22,7,43,95,16,87,15,83,15,58,79,74,64,61,54,95,28,81,48,30,40,24,59,46,7,10,23,96,83,88,29,9,92,88,62,44,11,8,89,47,57,78,25,11,91,21,23,23,63,81,99,12,8,14,14,20,94,79,89
31,93,79,93,96,66,11,92,93,11,1,61,53,86,74,96,61,43,21,4,90,32,3,94,90,6,9,95,67,38,4,14,13,97,95,45,3,25,63,44,19,73,80,87,8,17,31,74,64,64,57,72,62,13,82,90,2,71,21,35,93
67,96,30,82,2,55,26,26,60,9,42,79,75,46,47,31,78,16,33,56,28,26,30,3,1,15,20,66,73,24,53,37,5,12,10,77,59,52,20,35,57,69,52,68,40,23,80,3,92,62,59,7,66,6,14,61,29,83,77,26,38
14,76,81,19,82,42,50,95,84,36,49,2,16,59,32,32,87,32,82,60,70,78,3,60,24,41,5,76,63,2,31,31,17,94,78,9,70,83,35,1,30,81,66,32,75,27,21,4,88,94,18,47,73,26,48,60,58,70,17,8,97
27,37,67,33,25,2,95,61,74,70,78,97,9,68,7,40,21,88,67,25,38,31,76,72,42,36,20,46,37,77,21,14,89,87,75,92,1,37,36,44,99,77,1,19,62,15,71,34,65,42,96,15,38,46,44,24,55,35,43,86,67
6,77,62,66,94,58,26,29,9,81,79,32,89,19,48,32,58,78,24,71,57,13,59,3,76,60,64,42,72,80,79,88,76,10,38,31,48,46,27,37,29,37,56,85,76,75,18,5,95,45,35,49,97,95,36,15,59,10,4,44,31
99,14,29,81,78,95,11,7,33,86,28,26,79,7,10,41,89,87,34,18,27,64,31,82,69,17,26,86,95,51,30,7,2,45,79,42,78,41,79,45,60,67,39,78,48,50,27,93,48,83,31,6,23,49,22,24,52,84,40,61,57
57,27,13,98,36,67,40,34,99,8,64,37,65,94,59,36,17,49,4,52,73,38,86,50,98,46,44,77,29,33,49,58,31,19,71,28,35,12,7,37,95,2,10,98,78,93,1,30,26,46,92,53,61,38,73,22,88,19,24,79,52
99,54,83,92,1,60,96,36,33,44,72,31,31,66,23,95,19,13,5,35,32,96,17,98,12,5,56,2,20,19,9,3,80,7,6,10,78,97,99,90,76,74,57,29,82,26,40,33,69,68,70,68,36,38,88,16,52,10,26,85,41
5,31,69,67,62,13,45,17,68,90,24,6,20,2,60,4,28,85,28,38,67,60,11,11,32,69,77,8,44,50,15,9,1,97,27,91,22,55,93,6,67,14,48,79,83,17,56,4,55,57,59,23,69,82,29,48,25,68,51,66,98

The initial sequence dependent setup time of each job processed on machine 2.
(Where rows denote jobs: 1 to 60 and columns denote jobs: 0 to 60.For example:The value of Sijk is in row j,column i+1.)
45,67,50,61,86,38,59,94,72,85,92,49,6,95,93,95,55,85,88,49,3,91,79,85,10,93,84,83,95,75,11,23,69,32,99,22,95,98,28,28,95,83,18,45,23,19,76,58,12,72,82,17,48,40,88,9,75,74,84,29,59
12,18,45,73,92,43,79,79,53,48,50,23,70,4,39,78,20,23,29,71,51,5,36,7,16,10,48,37,39,47,86,40,95,10,6,92,41,1,36,13,33,76,81,78,67,75,15,81,87,40,63,71,61,70,49,18,38,56,37,21,19
22,6,32,82,20,74,21,98,82,13,55,24,33,65,17,5,82,27,27,17,5,18,76,25,4,97,53,88,72,72,21,38,1,44,88,80,50,57,39,50,98,73,52,51,26,23,30,61,93,33,79,54,36,5,52,24,77,10,19,93,4
11,93,98,86,52,99,14,14,94,10,35,58,59,82,40,22,3,28,53,25,97,75,30,31,17,9,57,84,21,38,4,66,83,44,66,61,30,87,91,69,51,98,79,13,85,38,24,45,35,88,21,68,57,46,72,90,51,21,42,57,89
1,23,95,40,85,24,63,53,79,42,22,57,17,38,68,23,18,53,17,2,87,36,5,93,96,43,66,61,54,40,92,58,31,36,66,72,68,70,77,26,64,84,90,17,14,22,51,30,20,19,97,62,54,63,51,97,56,77,3,40,10
35,35,64,69,13,7,67,57,88,47,81,79,28,17,60,17,60,18,20,44,20,42,5,76,48,66,34,93,96,24,26,58,82,8,88,66,64,31,98,30,12,80,54,35,71,15,74,61,29,81,55,72,53,45,64,12,59,71,28,26,8
82,57,86,94,72,86,85,69,26,25,82,16,71,37,87,63,15,88,2,37,69,61,92,6,4,56,52,76,55,48,78,37,8,92,18,2,53,74,2,62,95,95,17,23,16,60,46,53,81,77,92,74,85,91,85,62,85,5,51,52,30
65,35,70,97,32,11,42,87,47,87,29,42,44,8,62,95,48,20,26,53,32,8,48,52,95,78,60,58,30,53,37,46,79,42,33,3,23,93,31,90,7,4,39,30,98,78,58,55,57,68,23,90,27,72,13,73,34,16,31,96,51
49,22,83,83,47,38,4,92,44,36,82,43,92,19,89,70,90,10,24,32,13,10,63,5,42,40,75,32,88,12,37,44,90,2,52,82,59,93,10,40,84,34,8,27,62,84,12,38,23,20,73,98,93,5,36,48,76,36,19,19,81
17,56,79,35,93,5,60,66,16,74,46,81,32,39,79,60,24,91,92,83,18,49,7,53,38,3,17,49,24,58,75,78,96,41,60,16,22,49,78,97,78,86,35,98,57,19,24,49,70,63,49,66,52,45,54,47,88,69,74,43,12
41,36,98,80,31,68,37,47,16,90,24,43,84,85,46,84,39,11,47,28,30,51,84,82,43,33,15,91,71,95,50,2,19,13,88,38,35,59,45,23,70,52,57,85,53,87,7,30,86,45,55,9,32,78,65,22,11,2,25,82,74
40,52,23,67,92,85,74,60,58,38,97,72,58,32,8,1,12,80,19,51,81,40,75,43,36,45,71,22,47,76,74,68,43,34,53,67,35,27,82,38,68,73,85,22,16,35,90,39,21,71,17,3,60,13,64,97,88,64,62,71,99
16,95,81,70,84,29,77,71,77,79,81,10,16,26,44,37,87,14,48,82,85,34,5,96,79,41,72,23,2,63,88,19,73,36,8,98,98,50,2,61,17,76,21,26,2,3,53,14,96,16,61,60,12,10,32,64,66,8,57,27,70
23,25,73,87,16,69,69,13,95,56,50,18,9,68,36,41,90,59,99,29,30,76,79,98,97,84,47,99,38,42,64,81,20,64,33,69,77,53,58,30,70,70,43,23,80,33,61,79,60,18,75,60,31,66,59,71,50,8,48,92,92
55,8,31,28,89,51,44,92,17,61,40,40,20,6,85,37,44,26,75,92,52,45,99,17,24,81,17,47,32,10,66,23,7,83,31,53,55,5,96,57,29,33,40,44,4,2,46,71,59,47,5,46,31,52,52,18,30,51,13,76,46
9,59,35,31,18,57,68,64,45,7,91,26,15,89,40,42,29,51,62,5,33,1,99,68,84,35,14,56,3,18,94,20,85,24,55,45,3,32,31,25,3,50,61,66,98,77,73,95,12,93,75,98,88,37,53,89,93,24,8,3,8
21,58,84,80,92,17,90,13,80,64,84,75,84,19,74,40,98,72,88,71,88,32,29,30,5,36,70,17,25,86,13,49,94,49,75,65,51,16,36,62,5,64,40,68,77,96,28,22,71,53,67,71,33,92,4,26,90,46,54,11,28
64,75,26,80,49,61,9,84,25,18,97,39,47,2,68,12,24,12,42,59,69,57,18,37,90,68,18,29,13,65,54,44,9,20,64,42,79,18,61,36,15,94,58,14,66,22,33,53,47,45,16,31,33,13,91,89,91,52,7,59,37
72,9,92,15,85,61,50,55,52,61,75,63,14,57,67,13,52,31,28,67,43,32,82,63,83,16,81,62,38,89,62,82,55,91,89,79,5,4,46,2,57,46,6,56,78,59,85,55,84,19,60,43,50,57,23,31,3,13,81,37,5
38,66,83,23,64,15,3,36,26,34,9,70,81,68,76,40,16,80,32,83,59,13,53,77,46,11,33,23,67,76,24,7,55,73,75,91,85,63,80,7,13,62,58,12,58,3,19,17,98,91,90,27,30,97,64,99,23,62,73,27,77
54,21,24,34,10,2,6,26,58,82,29,21,71,74,79,40,14,28,29,4,24,6,9,10,88,20,49,18,76,7,45,96,71,54,55,94,40,53,71,80,45,65,36,34,29,94,86,58,84,12,27,8,71,20,20,74,93,19,49,81,8
69,8,73,63,48,49,39,46,58,78,99,96,14,85,35,81,92,86,81,61,55,89,16,97,91,59,2,50,19,64,65,89,79,40,53,30,47,45,24,34,42,97,29,99,63,66,61,12,88,64,24,53,64,91,46,36,52,11,19,75,46
43,66,88,44,83,1,62,2,18,87,12,77,90,40,38,97,63,32,67,25,56,70,92,84,67,94,21,16,86,26,90,87,58,1,95,39,20,98,52,63,89,65,35,53,37,9,99,24,85,32,40,79,22,33,29,24,35,66,59,17,33
95,10,99,83,23,51,83,15,74,81,87,9,4,69,11,26,7,27,17,82,56,89,63,20,71,30,12,6,12,87,57,69,80,36,56,91,88,85,86,42,19,73,5,15,82,59,89,49,38,51,43,1,8,10,87,55,50,55,86,24,5
68,31,40,42,2,29,64,20,34,56,59,15,77,64,36,80,16,5,38,58,32,7,67,16,80,35,38,18,68,21,27,71,52,2,1,86,92,73,90,88,32,30,45,28,64,54,10,71,44,58,50,21,44,75,95,51,3,78,89,8,35
45,56,72,85,11,69,38,67,49,29,59,79,77,44,66,75,18,1,42,55,94,24,90,21,93,43,1,43,65,80,99,68,5,32,45,82,13,3,76,96,11,91,71,41,24,42,66,35,59,75,73,17,67,44,29,80,73,59,2,89,46
54,47,77,20,9,59,24,80,20,46,62,72,30,61,67,2,27,18,54,66,92,91,1,16,25,42,17,68,72,89,85,75,56,74,74,80,55,22,48,53,65,17,69,83,55,56,2,51,30,23,13,89,79,80,15,50,38,82,89,29,30
74,37,66,42,30,4,21,47,88,28,56,30,27,88,96,19,60,91,47,89,10,35,17,65,85,73,11,54,7,80,90,48,47,76,63,71,95,90,63,37,14,14,26,33,83,87,83,10,54,68,5,19,10,17,54,8,21,7,28,68,16
33,10,10,11,82,92,24,65,77,96,46,84,50,90,35,29,22,9,73,91,79,90,97,94,66,99,3,75,40,52,66,55,38,24,83,53,53,62,91,85,67,93,85,15,85,24,69,71,11,25,62,2,2,32,97,98,11,21,52,27,83
59,65,52,54,8,69,86,50,72,16,70,95,60,58,21,45,10,64,96,15,13,57,35,23,3,27,84,8,20,18,67,43,49,51,78,59,44,44,15,72,86,72,7,76,13,98,76,85,95,9,55,12,23,89,6,41,33,35,40,67,44
14,82,45,56,55,66,31,97,49,14,66,63,54,42,54,15,68,36,65,96,91,62,10,96,66,90,35,8,15,62,31,59,48,69,42,66,81,86,99,74,89,31,31,21,58,46,10,88,3,23,52,86,54,38,83,92,87,61,26,32,5
55,46,57,3,49,99,83,36,53,89,43,65,17,55,29,1,72,63,12,83,76,84,2,68,93,65,22,41,14,10,28,19,73,68,36,42,16,23,53,53,67,31,84,85,97,21,19,89,97,67,57,58,50,94,65,11,84,85,42,83,27
49,26,57,41,69,62,13,82,25,71,74,78,23,22,12,20,8,21,83,37,36,32,52,33,75,94,87,31,58,18,11,70,79,84,81,64,80,72,51,26,11,4,10,7,83,9,69,15,70,17,79,83,56,9,98,71,31,92,66,46,42
38,17,35,90,21,20,41,40,25,12,66,64,91,53,75,73,86,52,22,92,41,24,73,86,74,53,24,53,17,54,73,54,33,38,58,29,80,62,45,35,46,75,24,39,66,88,58,14,1,48,4,61,94,96,30,51,95,79,63,36,75
14,34,9,26,30,44,56,84,10,48,56,53,63,40,83,10,10,12,47,24,20,40,14,64,65,34,90,88,54,22,79,47,59,67,95,61,24,39,66,35,27,4,7,76,23,26,84,51,67,91,2,75,30,75,43,62,23,62,52,17,30
16,5,79,8,45,29,53,87,42,21,71,60,91,13,4,23,59,76,10,88,8,38,28,96,64,61,80,8,94,73,32,65,94,56,6,26,60,35,41,88,88,82,23,23,65,9,57,38,67,12,20,50,70,6,67,69,43,1,67,27,78
49,25,28,5,54,85,84,64,79,32,47,53,99,77,86,71,97,88,38,31,58,88,28,56,97,35,7,69,69,50,28,15,18,28,5,32,84,7,30,47,54,95,26,1,32,27,71,26,6,41,57,20,12,62,65,78,14,47,25,18,40
84,62,30,51,58,85,27,73,13,14,71,69,68,20,31,10,62,33,23,87,70,13,68,72,28,12,46,66,83,28,14,74,67,78,15,65,3,26,52,89,31,68,10,75,13,10,47,33,63,96,80,40,58,72,87,18,79,23,6,5,92
96,45,44,84,25,17,23,73,77,44,60,72,41,44,94,81,37,55,53,20,18,57,63,15,20,37,49,53,95,81,11,93,66,57,31,18,30,93,35,9,92,56,76,55,44,33,21,84,59,40,39,13,94,18,88,78,15,84,87,27,40
72,6,43,7,63,59,68,97,85,39,43,35,17,91,87,60,7,82,1,23,57,56,83,20,65,91,41,29,82,25,26,17,92,48,32,44,95,57,50,22,58,46,4,48,92,1,42,71,86,2,72,21,65,3,12,53,7,66,39,90,69
19,20,75,93,79,95,44,22,28,90,32,2,51,89,66,25,29,67,60,42,60,69,69,31,76,75,59,13,4,67,30,75,71,1,6,1,87,2,4,77,71,61,72,30,88,5,6,40,10,43,34,31,82,56,42,57,72,80,62,47,78
72,95,87,21,41,28,9,66,66,21,81,53,46,2,47,59,12,84,21,88,4,54,42,63,67,8,59,65,46,69,24,86,77,40,9,38,73,54,21,84,46,88,27,23,3,85,78,38,35,79,82,17,88,76,17,90,50,15,89,73,30
76,21,85,92,60,14,43,70,29,28,5,71,33,22,41,83,33,69,42,14,36,59,68,23,40,91,33,93,47,75,27,81,18,5,47,71,8,24,31,59,42,26,45,64,26,62,8,49,94,48,12,97,58,80,72,1,82,75,15,77,68
1,15,82,33,79,60,72,69,96,70,56,7,24,13,81,57,70,78,57,97,65,21,14,80,45,28,87,61,4,99,75,32,29,5,4,92,96,72,19,55,34,26,19,24,84,9,86,12,24,69,97,31,43,1,89,12,90,7,31,58,28
45,16,26,41,32,29,73,59,12,87,62,43,87,75,89,41,5,7,93,1,2,69,33,1,91,18,88,45,15,35,26,78,78,50,94,42,39,74,83,78,77,24,69,82,36,83,45,40,89,77,15,15,79,98,67,88,20,15,60,5,82
55,75,83,50,65,69,92,32,26,26,98,29,3,10,18,78,79,19,30,70,32,82,83,39,82,46,57,14,25,6,60,45,58,46,90,56,7,61,16,39,15,97,68,53,93,71,6,52,48,84,57,47,58,37,72,82,78,13,79,51,69
72,98,10,57,96,45,85,16,5,81,9,8,39,39,21,71,96,99,32,83,17,5,16,74,16,16,60,88,35,34,36,58,55,48,44,43,54,94,89,33,72,87,26,22,63,36,58,58,97,86,49,7,56,85,56,8,86,10,17,55,62
94,80,74,69,4,69,29,92,53,52,88,51,13,76,95,17,64,14,95,37,75,86,60,2,55,93,38,90,75,85,20,48,31,98,68,81,56,26,31,7,91,46,4,76,44,14,93,91,51,6,41,87,5,68,73,77,52,3,34,68,30
4,38,29,38,62,73,52,69,64,26,67,7,7,89,23,95,46,1,98,97,40,54,26,69,4,11,59,86,70,82,93,45,58,72,2,85,24,49,83,46,55,77,94,68,72,68,12,75,8,88,35,91,92,16,8,90,49,65,80,86,10
45,61,68,1,11,27,78,87,71,76,93,24,98,23,56,31,87,94,52,97,41,19,70,55,97,54,99,36,8,2,69,42,75,36,30,62,87,25,69,62,14,70,22,90,98,67,10,59,94,82,16,45,18,20,62,53,57,36,2,38,44
43,47,89,29,76,71,30,1,76,68,50,42,36,14,22,34,43,57,6,87,42,58,74,49,41,35,41,23,34,52,44,13,43,1,30,18,81,75,88,14,91,75,1,75,89,60,42,38,32,6,36,19,16,88,84,26,17,2,65,87,51
42,36,62,18,54,81,47,87,1,82,78,82,2,10,50,51,46,66,72,78,41,6,95,74,43,1,30,17,94,23,48,14,46,97,48,26,29,53,28,90,50,5,9,50,41,2,21,21,51,55,16,33,71,19,9,60,27,62,41,74,86
82,56,21,88,12,43,75,52,17,10,89,88,44,20,9,85,66,11,64,92,72,89,4,58,87,71,82,23,72,96,70,15,44,63,50,66,98,83,1,79,12,58,44,63,36,18,12,32,10,53,58,56,76,86,97,43,69,58,98,99,6
43,49,79,65,24,4,14,36,27,66,23,53,94,14,38,84,26,52,26,39,14,77,55,38,48,87,89,61,76,36,90,65,5,12,94,28,16,73,78,71,87,98,16,40,72,19,5,30,1,80,23,3,45,1,42,18,29,55,2,19,28
73,28,84,9,99,56,27,41,54,41,96,57,44,38,14,2,18,11,36,49,6,87,37,62,22,12,90,71,4,41,19,59,16,50,48,50,8,54,18,64,89,85,7,53,38,27,95,74,61,86,67,47,62,27,81,26,80,48,43,21,14
58,99,28,51,85,68,29,81,81,63,97,32,48,55,94,78,17,25,52,28,24,30,77,63,54,81,26,29,62,28,44,73,86,8,75,7,22,89,33,89,5,74,81,64,84,68,16,84,98,19,7,83,61,63,94,51,52,42,31,47,3
1,76,56,20,72,93,55,48,73,63,70,48,26,45,18,4,97,57,33,45,38,42,79,47,81,84,21,25,92,15,73,62,92,95,3,23,21,62,37,3,16,13,88,61,17,30,52,42,26,58,70,24,17,13,54,23,58,39,9,89,74
47,25,42,77,8,91,80,55,88,8,26,25,90,83,53,75,69,86,62,50,17,93,99,75,59,12,3,19,59,12,7,66,33,59,74,9,80,58,15,9,59,38,11,23,47,40,4,94,56,80,41,43,86,57,73,14,2,22,50,44,84
49,64,36,68,1,62,50,73,91,89,61,90,74,20,69,40,88,23,87,30,56,79,42,86,95,16,33,55,41,4,13,22,17,21,14,78,6,56,50,72,79,82,83,64,39,28,55,31,83,31,91,35,12,4,26,89,74,69,2,20,40
7,78,80,36,91,47,30,17,87,26,4,74,2,27,63,76,67,64,12,25,54,35,81,45,28,90,19,62,63,66,54,28,92,77,1,55,60,39,19,1,72,26,72,44,79,86,63,64,77,52,23,61,1,36,39,48,75,48,60,6,42

The initial sequence dependent setup time of each job processed on machine 3.
(Where rows denote jobs: 1 to 60 and columns denote jobs: 0 to 60.For example:The value of Sijk is in row j,column i+1.)
4,52,88,4,19,80,43,72,82,58,65,83,89,62,44,22,64,4,94,91,44,90,58,9,26,83,69,98,20,5,35,85,84,32,2,21,54,1,47,27,81,30,72,77,71,58,22,42,42,90,75,11,85,89,12,58,55,85,30,62,28
80,44,9,9,18,38,97,40,90,8,10,28,15,33,34,33,12,28,51,71,62,10,6,82,12,91,7,36,97,27,79,71,54,13,71,5,5,34,6,59,31,4,2,39,83,42,92,19,77,59,15,50,61,21,32,63,54,83,4,22,6
36,6,22,19,81,32,63,81,15,21,79,77,56,57,41,26,74,82,88,84,43,81,94,74,97,92,7,55,57,49,60,61,5,21,28,50,72,88,32,78,21,21,61,37,6,17,43,10,39,33,36,61,60,96,19,29,16,36,46,27,50
53,91,51,72,75,14,41,11,80,83,37,50,28,52,45,41,79,20,60,81,81,72,1,67,16,70,4,51,32,70,64,97,53,65,5,33,30,62,13,74,66,99,77,14,45,49,68,11,85,31,60,50,81,46,69,27,76,66,40,7,5
18,54,60,43,95,95,17,60,52,30,51,38,44,23,2,42,40,89,77,79,31,65,75,96,33,13,11,20,42,34,56,93,89,96,70,23,60,37,22,38,67,64,88,44,62,87,27,94,66,35,80,18,76,13,83,85,18,6,8,10,88
60,41,80,4,45,40,85,88,54,23,87,33,95,63,19,12,69,27,95,67,4,97,98,23,64,96,1,73,53,34,92,54,10,68,65,5,55,78,75,10,51,20,9,94,65,8,18,54,16,86,55,77,24,39,89,66,20,36,48,43,84
16,59,46,38,27,17,49,51,83,73,16,89,66,99,82,96,89,5,8,12,31,37,13,74,72,14,73,29,88,90,32,29,30,65,88,24,11,96,75,83,54,43,11,3,24,9,33,85,5,50,49,90,69,84,2,62,69,63,30,46,94
67,19,6,7,4,78,10,54,51,10,61,63,63,48,39,77,28,5,41,43,19,97,70,64,98,20,53,2,6,7,8,77,11,33,69,9,11,28,19,68,46,87,90,2,3,85,83,30,98,4,30,69,86,6,41,14,55,32,41,49,38
10,12,71,90,56,46,23,80,1,16,74,82,42,1,78,98,5,17,42,66,73,84,88,38,70,70,15,15,52,95,44,25,1,28,12,34,83,78,80,73,64,6,82,69,38,14,53,99,84,33,21,65,64,10,55,42,20,67,25,74,1
69,25,58,3,8,18,81,45,13,85,60,3,96,25,56,64,17,72,28,93,30,78,64,91,49,51,53,71,40,44,6,47,76,73,14,51,4,92,57,48,20,41,97,15,99,22,17,60,33,17,13,51,40,65,58,67,63,90,89,31,77
63,54,3,69,91,39,22,33,75,3,13,80,2,41,59,2,64,77,64,14,72,96,25,45,88,95,1,50,8,77,31,39,98,75,66,51,28,94,54,26,35,25,10,3,62,62,68,84,14,62,67,17,43,24,78,84,77,89,34,60,56
80,52,94,32,73,81,72,11,41,20,15,92,45,25,29,21,23,83,2,48,45,33,70,19,46,32,29,21,19,15,61,38,68,39,25,94,86,79,9,74,64,23,10,52,60,16,4,99,75,76,62,18,31,28,89,87,18,22,94,70,46
69,42,64,46,64,24,62,91,44,4,18,23,82,54,97,72,89,49,70,67,89,29,91,92,55,20,53,72,40,52,40,21,65,97,7,44,34,57,10,6,65,86,86,84,34,97,46,43,73,70,32,79,21,74,21,97,27,67,92,82,3
4,38,66,61,4,99,43,44,49,72,94,46,79,34,57,15,15,25,29,77,46,26,53,8,59,31,2,76,83,65,75,3,76,29,9,18,26,67,21,69,68,24,28,57,41,39,34,37,93,39,36,1,91,85,10,95,84,33,44,30,26
65,44,19,35,61,2,63,84,96,75,49,93,68,16,17,7,57,60,93,18,83,83,41,28,24,61,70,59,42,15,16,60,46,15,91,18,49,79,59,74,55,96,10,16,6,87,76,33,75,72,24,52,47,82,12,93,78,1,9,73,12
35,22,67,99,44,61,15,18,14,95,60,57,39,55,37,8,51,94,45,94,43,25,30,7,84,94,83,1,9,32,94,68,44,20,33,23,54,4,89,23,23,68,42,87,40,90,59,86,92,63,42,87,87,78,17,81,67,66,44,4,20
77,72,1,82,48,19,13,56,7,69,15,65,23,22,19,37,60,66,64,85,14,40,77,85,22,83,36,30,40,88,58,78,70,87,60,92,73,54,46,63,88,6,63,81,13,38,96,20,2,57,89,14,86,34,22,56,53,57,23,90,31
10,18,41,75,27,27,56,55,18,10,53,87,90,45,19,68,69,89,26,30,55,56,81,30,13,9,5,64,55,6,18,49,76,59,62,37,57,89,6,50,50,6,23,77,88,65,34,63,15,83,2,31,15,66,64,57,62,46,75,53,55
60,21,43,99,56,10,18,53,4,18,76,54,41,48,10,90,9,68,57,69,96,1,1,17,53,19,99,67,28,14,77,14,86,29,60,19,87,71,6,83,73,13,10,51,95,67,90,67,80,25,77,97,10,27,42,9,84,24,73,19,16
68,2,22,50,32,84,84,18,13,89,34,74,31,4,44,74,67,95,1,57,50,38,20,76,58,66,2,94,18,37,21,82,43,98,5,95,56,95,52,59,47,73,94,71,12,72,92,58,43,89,73,37,58,73,15,1,57,29,65,5,3
35,75,93,30,90,83,59,38,30,83,9,55,64,19,47,65,32,61,31,19,94,39,80,28,67,74,50,45,8,24,93,5,47,65,80,74,93,44,56,57,44,62,5,90,31,23,82,16,89,96,12,49,11,88,95,2,92,87,92,46,56
71,33,59,43,5,48,37,35,16,80,60,59,92,41,35,53,38,75,53,56,80,14,88,67,12,54,31,25,3,27,18,12,5,41,62,15,20,4,99,19,42,69,56,20,18,4,76,74,96,5,88,93,30,44,34,99,66,77,91,8,87
67,37,24,38,32,93,65,10,98,70,31,24,60,27,28,90,73,30,76,81,93,17,70,59,32,75,13,78,62,48,54,5,10,75,1,64,10,18,37,73,63,27,42,9,23,93,48,33,43,81,99,49,78,45,9,55,35,69,79,82,98
22,81,85,3,27,8,37,2,55,29,57,58,43,2,89,11,41,10,90,42,90,63,22,54,97,73,24,4,64,34,10,16,90,25,71,66,73,37,19,50,9,49,53,31,73,30,20,51,84,68,34,49,60,22,50,1,5,71,1,66,56
15,59,94,32,56,17,98,3,62,11,54,86,71,57,14,95,19,30,55,58,69,98,43,15,51,64,4,17,51,92,32,43,60,76,46,86,26,66,29,95,30,65,4,76,20,88,72,64,77,47,15,37,16,68,33,92,61,35,49,17,22
73,17,97,57,87,46,90,8,63,21,35,85,23,91,96,29,97,34,50,99,60,79,63,9,36,58,54,24,16,26,74,93,24,93,29,34,16,98,41,90,72,34,73,34,37,16,2,86,70,21,31,45,93,59,4,26,29,47,98,23,36
30,95,74,95,35,12,99,89,15,28,16,77,31,17,36,63,5,88,76,41,38,92,80,86,27,75,4,8,4,41,54,84,31,46,98,13,18,12,62,84,55,54,21,72,47,53,19,75,88,22,46,73,75,1,61,99,87,57,90,13,50
73,3,91,82,93,26,82,55,10,65,34,79,86,8,22,81,26,46,8,12,36,78,43,53,14,16,77,35,68,81,38,80,87,35,58,33,99,77,43,59,20,11,78,29,63,11,63,46,18,30,21,57,28,35,63,95,83,52,94,52,32
42,42,40,96,40,57,15,91,82,30,75,40,92,9,61,51,69,29,44,25,13,46,64,66,73,8,64,38,90,57,70,3,70,19,54,17,5,21,20,98,76,47,77,73,78,78,89,85,92,93,10,2,36,31,14,78,28,63,45,40,84
77,84,47,11,44,67,63,91,22,41,63,42,44,79,46,18,85,28,30,43,33,12,66,91,10,75,71,39,25,85,47,20,83,92,15,83,21,85,31,82,4,61,87,65,30,95,67,32,70,15,18,97,65,22,22,40,12,84,92,74,64
85,87,55,72,49,47,43,76,79,59,36,12,73,56,33,35,66,2,19,40,2,36,6,41,33,18,68,54,90,53,78,66,29,24,31,75,77,83,84,92,41,71,74,2,91,26,69,63,75,6,83,97,54,45,13,16,4,26,84,98,58
33,97,5,79,41,48,83,1,5,20,16,97,64,37,95,16,49,87,86,68,55,71,80,64,80,39,49,63,13,71,27,82,70,72,29,51,55,52,49,33,2,93,6,67,41,5,7,55,89,3,45,15,31,93,10,44,39,74,13,31,94
43,66,76,34,69,16,72,24,73,3,80,38,87,16,6,91,62,86,55,14,17,4,39,57,66,22,70,74,47,77,79,5,47,78,40,3,37,26,14,11,81,88,1,91,78,59,19,15,55,56,8,42,90,92,33,72,58,33,34,68,24
68,46,75,57,70,95,64,38,62,76,83,37,48,26,16,49,36,51,16,54,48,22,18,15,57,97,20,96,25,64,59,80,62,58,98,91,40,17,48,53,21,30,77,43,73,76,18,48,43,25,86,29,3,30,84,38,20,75,10,53,33
16,69,4,61,74,31,36,68,83,34,15,5,33,41,91,27,94,99,15,37,57,93,18,74,66,68,91,2,27,17,40,35,69,49,54,96,9,25,92,92,57,96,10,95,12,7,9,33,6,41,90,91,45,87,56,74,88,65,7,71,50
35,14,67,95,25,9,45,48,47,72,92,26,50,37,53,76,35,96,52,81,46,38,18,17,74,43,75,39,6,5,33,41,96,88,87,59,97,80,32,91,94,61,10,23,8,57,67,8,17,33,47,94,20,80,7,89,25,38,72,37,17
33,26,57,3,43,11,41,26,90,31,28,88,73,74,67,93,22,15,49,72,60,92,52,34,53,24,10,70,91,83,99,14,9,33,61,46,89,37,80,92,41,75,61,92,8,95,57,27,90,83,16,72,46,61,1,35,33,30,10,48,20
50,71,47,99,3,70,6,4,26,52,63,2,84,5,48,2,16,67,8,50,83,39,37,9,55,68,46,95,63,72,64,65,11,89,66,54,65,14,94,61,99,6,53,86,2,48,94,47,64,24,52,1,45,97,68,75,7,17,30,43,22
44,59,61,96,64,32,71,31,69,36,77,31,95,85,47,96,13,66,61,61,97,87,52,79,40,56,57,6,7,71,21,9,9,6,56,90,28,23,4,43,58,54,7,79,61,67,37,22,62,47,93,65,49,95,73,49,35,68,98,87,15
98,70,15,60,57,23,21,83,46,51,32,18,89,92,74,32,70,46,82,55,51,42,2,81,6,42,18,88,31,64,87,99,11,3,75,18,16,35,35,58,8,36,95,9,13,94,51,77,30,27,28,73,47,4,17,61,77,86,5,13,98
25,7,35,98,3,15,25,88,82,20,58,24,36,37,16,53,47,78,4,31,40,95,69,2,84,62,45,19,33,2,65,5,64,20,91,68,44,19,99,39,63,79,2,35,85,66,64,98,54,34,62,67,59,60,29,85,75,49,80,37,65
17,49,55,32,49,49,12,22,62,24,77,22,70,90,62,36,97,71,84,12,47,70,67,71,16,10,70,39,99,5,14,55,93,83,37,30,83,38,59,15,5,1,82,85,56,31,44,82,22,94,41,71,11,93,74,26,14,13,16,24,21
11,72,86,94,58,43,36,87,76,32,1,42,51,52,6,42,54,27,91,69,76,40,47,75,25,96,3,46,81,27,59,93,58,2,32,39,79,87,47,73,36,16,9,69,99,30,98,67,68,36,64,15,11,31,94,46,38,55,66,2,48
89,65,99,64,76,99,76,86,72,71,30,25,70,72,19,28,72,13,86,86,96,28,11,2,12,27,61,30,38,41,80,34,92,19,11,24,84,3,32,8,85,45,59,67,96,43,64,51,24,94,21,73,43,42,59,75,3,40,27,75,69
90,3,13,5,13,7,17,82,2,11,52,31,78,7,73,36,72,63,87,54,95,73,92,64,47,32,59,97,56,17,14,56,26,19,13,5,20,61,69,60,36,12,36,12,79,74,44,73,64,86,44,97,86,47,61,99,42,41,79,23,46
43,96,72,84,28,76,55,99,14,57,80,70,2,3,64,79,34,18,18,44,84,18,35,66,91,58,65,81,42,60,65,44,53,13,50,11,40,69,94,85,43,23,88,58,18,75,44,99,59,9,28,84,9,56,71,74,93,10,86,86,35
25,52,29,43,41,34,5,36,56,1,62,81,33,72,49,55,95,82,74,89,42,61,82,17,77,15,62,41,12,27,20,46,27,48,33,42,81,58,94,65,95,99,50,84,23,80,93,61,56,74,79,58,69,79,71,27,44,84,32,25,14
93,11,81,98,43,54,20,71,78,87,93,5,8,29,80,85,35,26,93,69,82,78,2,40,28,22,61,28,19,39,79,24,36,16,60,65,59,6,62,75,14,33,63,82,38,75,16,44,14,52,29,78,8,91,73,45,42,61,62,51,16
65,16,87,36,19,2,77,23,4,28,51,99,3,79,12,34,44,34,62,76,93,96,79,56,21,21,49,32,45,2,67,80,85,54,60,71,96,39,11,71,24,7,99,50,60,44,37,77,47,10,58,23,24,33,91,89,84,97,73,10,12
52,57,15,20,25,24,27,61,5,13,13,51,78,78,39,95,98,47,49,56,27,49,9,4,13,65,66,71,32,54,86,2,6,69,37,1,94,65,96,17,90,49,77,79,23,84,70,22,6,80,11,66,79,81,32,45,52,26,13,98,53
39,18,83,98,67,17,82,86,78,57,20,15,96,78,11,29,93,18,93,3,95,9,70,21,9,15,26,53,56,84,1,76,20,75,1,59,32,21,34,77,46,88,51,12,5,5,2,5,31,1,72,31,25,1,37,21,94,94,28,13,44
68,82,42,61,63,79,79,20,31,18,35,92,81,7,37,15,85,84,87,43,97,80,62,14,99,78,83,74,48,65,1,42,66,63,69,57,62,48,1,20,95,70,87,9,31,43,86,72,94,33,71,75,82,45,96,99,2,33,91,13,89
45,32,82,84,25,30,6,15,67,91,91,81,97,30,76,26,73,12,7,67,81,23,75,55,93,35,39,62,88,59,58,55,26,29,99,36,94,92,47,27,13,89,89,65,43,35,21,83,31,64,41,84,94,71,64,48,54,48,6,36,72
39,35,62,89,42,72,51,56,31,78,81,1,57,26,66,46,50,25,41,32,12,62,41,2,93,28,61,94,96,24,1,72,71,78,42,16,65,10,46,65,69,48,36,41,51,17,88,50,71,74,66,21,27,23,25,92,21,71,80,79,40
85,78,32,62,73,63,42,19,5,26,11,5,13,12,81,70,33,13,72,58,8,61,25,4,64,75,96,17,32,21,25,34,80,52,66,57,32,89,20,25,6,12,76,50,11,38,46,3,62,21,39,14,59,7,35,46,3,16,58,74,72
56,12,24,47,77,94,86,89,13,57,48,39,5,12,79,18,53,78,7,79,51,65,17,4,1,1,44,81,7,71,59,25,33,7,13,93,74,49,9,57,38,30,11,35,79,32,38,80,2,70,97,82,41,43,65,86,78,76,7,70,15
57,6,80,84,48,2,20,59,77,5,97,61,26,64,48,69,79,69,40,9,88,9,67,82,36,83,34,36,62,79,74,1,28,38,44,68,26,7,75,78,78,35,50,53,2,93,46,97,19,56,33,95,98,36,23,16,52,56,87,56,73
66,52,46,50,95,33,50,87,24,28,25,78,91,99,31,24,67,87,47,32,37,91,3,75,56,94,18,70,85,28,56,31,84,26,7,72,78,96,32,44,86,37,67,41,42,23,36,33,57,40,54,1,1,92,30,65,84,14,75,73,68
1,45,97,32,27,59,94,32,11,46,19,78,2,72,68,97,86,66,9,30,98,76,7,55,79,47,77,10,25,27,90,42,19,46,42,7,87,64,41,10,60,19,16,28,23,70,83,5,65,33,18,85,15,52,29,61,57,35,35,19,7
1,51,70,62,46,81,45,76,58,73,29,47,27,87,12,51,78,85,81,43,98,70,91,19,93,80,21,95,86,69,37,43,96,51,29,36,7,73,30,39,57,43,7,85,50,60,8,74,48,41,14,53,35,94,84,39,71,50,82,3,50

The initial sequence dependent setup time of each job processed on machine 4.
(Where rows denote jobs: 1 to 60 and columns denote jobs: 0 to 60.For example:The value of Sijk is in row j,column i+1.)
35,58,90,45,66,59,60,49,32,78,64,51,82,73,84,23,87,39,31,19,75,87,84,60,97,56,88,31,76,17,98,99,71,85,71,61,13,76,48,47,30,7,18,23,42,62,44,49,92,82,25,93,5,69,28,95,45,81,90,24,52
12,82,42,12,62,73,54,79,1,18,24,73,64,41,19,96,95,11,10,75,23,40,98,44,38,12,84,1,17,75,19,70,76,64,31,75,1,58,91,31,50,58,59,54,57,38,22,65,20,33,14,69,18,73,16,96,42,86,15,21,15
98,83,53,84,98,26,50,86,98,74,2,75,32,96,34,21,34,16,88,10,51,60,30,37,17,99,20,23,68,67,28,62,72,65,3,94,5,80,51,96,46,13,29,55,17,80,86,52,12,3,20,42,17,2,84,6,13,77,85,38,2
42,47,55,52,63,74,73,69,86,95,72,8,84,89,57,11,39,5,3,82,24,95,72,94,9,60,16,20,75,61,19,95,72,53,9,46,46,36,60,64,90,1,40,94,10,95,14,24,25,66,72,64,87,16,57,82,82,75,83,52,44
68,64,7,53,7,8,30,78,39,98,45,47,32,32,79,41,74,2,44,99,70,50,70,9,4,51,12,12,27,45,24,83,16,3,4,87,95,67,77,1,38,10,50,59,56,88,90,43,90,17,60,36,53,66,7,28,21,10,68,8,3
27,87,87,24,13,5,84,24,22,22,31,64,53,82,2,64,78,89,32,90,98,15,67,73,46,61,40,68,47,6,93,99,84,8,80,38,26,22,63,13,21,92,53,62,88,22,99,21,76,31,37,79,94,13,82,1,10,15,28,52,8
44,72,78,46,29,42,17,96,42,81,49,6,21,91,4,38,17,61,54,78,13,95,9,49,91,78,58,9,13,4,9,53,92,83,97,50,45,96,39,55,29,96,50,78,50,61,40,6,34,15,96,59,46,59,66,38,78,65,79,56,50
23,26,76,20,15,23,68,17,66,14,15,61,24,49,14,20,72,7,11,92,26,47,58,18,38,4,5,69,89,82,35,60,47,61,42,81,82,75,81,30,33,63,60,23,32,69,85,29,40,52,29,45,14,71,31,9,71,65,24,37,75
25,13,38,4,78,34,25,66,10,97,95,77,99,67,99,55,14,37,82,36,87,96,12,1,12,8,49,73,42,89,94,19,61,95,18,57,62,60,4,11,65,78,91,86,75,51,65,32,5,50,19,6,64,66,26,83,70,94,65,33,89
96,25,93,6,63,41,85,29,44,70,53,88,43,73,4,87,40,24,63,91,5,66,72,88,82,3,1,72,10,15,53,33,36,95,17,46,28,71,82,85,60,38,95,42,31,87,8,65,82,89,87,56,92,72,61,12,37,37,48,12,60
95,59,91,42,62,54,46,8,60,41,52,96,1,48,46,62,55,89,35,79,89,10,86,37,59,44,70,29,7,51,40,80,51,16,56,3,66,55,3,98,74,82,17,90,95,82,76,39,36,77,47,32,77,74,39,47,69,95,81,78,95
12,15,35,96,73,56,15,65,81,72,57,96,77,24,67,26,26,86,73,25,23,89,36,27,64,90,43,89,32,33,23,28,36,52,31,61,60,97,38,47,11,80,85,85,69,9,48,47,73,80,13,36,11,77,67,7,6,31,82,23,59
3,39,71,27,71,60,7,37,94,19,96,97,84,64,56,78,55,87,69,58,66,32,91,35,82,35,10,79,20,79,71,25,28,60,40,25,54,90,10,42,49,76,48,97,28,69,52,55,5,23,25,12,67,74,58,16,27,24,27,70,45
76,58,40,53,32,32,59,99,55,39,93,73,48,55,72,51,64,10,98,22,99,12,14,35,44,32,36,52,97,35,37,24,41,55,68,97,52,25,29,26,7,37,63,88,81,33,81,64,45,60,75,83,77,78,72,46,16,16,66,52,59
75,63,51,41,51,51,54,29,30,29,85,36,52,32,41,39,90,99,89,40,19,79,45,53,30,12,82,18,16,36,43,15,54,38,6,93,54,9,53,33,85,38,57,36,25,49,23,1,81,88,61,95,49,80,13,64,63,23,78,38,1
74,22,98,68,97,73,68,34,61,57,64,21,62,83,1,85,77,72,90,95,1,95,54,70,48,26,44,67,84,75,67,44,65,16,91,18,50,9,29,44,34,56,95,78,92,95,82,45,43,93,71,59,84,79,18,90,88,6,66,94,18
26,66,86,33,4,83,38,17,75,38,31,71,18,52,50,36,76,27,81,52,12,90,85,68,71,22,96,79,8,62,81,59,66,86,64,50,69,29,63,74,12,81,76,90,27,12,52,53,57,32,4,13,69,94,68,48,70,14,19,9,15
79,78,83,53,73,47,14,83,38,75,68,57,44,93,22,69,11,86,12,70,52,58,61,72,42,11,25,62,6,92,16,13,1,57,32,38,76,69,92,83,6,44,24,50,44,27,65,99,4,14,29,13,14,49,3,90,92,91,63,41,60
92,92,9,96,5,27,26,57,82,28,55,46,37,45,81,35,88,20,52,9,15,90,17,68,42,46,16,29,79,89,55,71,18,56,75,64,12,67,65,59,36,87,1,70,15,85,84,78,2,23,65,86,60,43,54,68,2,69,92,11,74
54,63,91,75,19,14,46,66,75,67,48,15,69,70,26,92,35,92,46,25,93,31,9,2,69,16,71,89,93,67,7,21,17,47,58,61,24,80,40,28,35,89,79,28,14,9,34,55,36,51,70,46,89,34,98,10,4,82,80,88,23
17,64,49,4,58,55,31,9,9,50,74,57,98,82,91,81,96,25,61,87,77,45,2,76,46,28,17,32,77,26,2,41,87,54,44,80,81,79,22,91,23,8,38,83,10,89,11,40,13,41,29,44,33,29,26,95,71,26,19,95,30
65,42,61,78,4,24,43,17,25,59,39,11,50,77,1,58,13,94,35,69,54,62,81,66,97,23,84,47,71,47,90,69,42,9,57,22,12,50,49,86,26,46,75,66,1,97,12,79,89,2,91,92,63,29,15,59,21,24,81,89,65
16,12,49,18,8,74,34,68,99,3,15,5,45,25,58,4,52,7,11,70,16,23,37,90,90,59,67,8,62,23,70,7,21,23,63,73,15,1,37,81,77,31,66,42,51,21,91,3,12,44,93,90,33,73,51,21,46,85,36,47,14
53,7,11,7,17,10,60,61,86,51,10,44,83,67,68,23,26,86,35,25,90,79,70,48,45,11,13,68,14,28,59,98,84,33,81,33,83,51,49,81,84,16,98,47,72,47,28,24,26,74,68,33,1,52,52,86,45,95,65,98,95
71,80,65,54,19,38,50,82,47,46,51,59,57,75,62,65,3,14,53,4,35,7,93,47,82,75,24,32,1,88,77,34,64,71,89,85,63,30,9,72,26,58,24,10,11,62,88,30,87,29,70,12,97,44,82,29,50,76,82,95,19
90,63,12,93,8,78,1,7,30,39,60,44,64,59,68,83,59,54,67,7,11,64,50,6,15,18,94,21,42,94,62,26,60,93,13,99,99,26,87,50,75,56,30,42,10,53,38,89,96,66,71,1,46,50,46,19,34,16,75,35,61
5,93,46,57,88,48,50,24,52,58,30,4,48,83,15,90,39,51,92,13,88,4,87,93,2,56,44,16,30,37,95,96,74,75,88,50,68,48,58,53,34,39,13,56,52,78,66,1,3,69,85,11,57,14,86,32,75,18,64,52,37
70,50,82,23,83,85,59,17,59,84,17,42,76,77,24,31,83,65,70,56,19,99,11,10,70,15,51,63,43,34,56,65,23,85,97,46,4,86,67,58,48,60,56,93,28,11,81,68,62,13,52,58,19,39,9,78,13,14,23,98,39
25,22,89,45,70,94,25,46,12,30,88,88,84,75,59,76,25,54,6,71,58,69,94,37,52,2,89,28,38,74,88,66,92,31,34,9,55,89,42,66,6,34,94,9,16,33,62,57,37,27,81,32,54,90,20,41,54,20,63,60,77
71,22,9,55,98,79,84,81,4,94,64,66,64,65,32,26,33,60,61,34,98,65,42,30,39,78,76,51,30,53,80,19,51,8,66,50,30,74,42,71,20,78,46,5,68,87,38,12,74,38,12,98,83,90,30,37,25,81,29,95,58
6,37,66,18,19,95,1,47,31,38,98,87,79,24,79,70,58,12,16,84,43,96,91,97,5,99,59,10,32,41,28,3,88,54,16,92,8,9,26,37,51,48,14,55,88,94,5,90,24,45,86,59,15,25,37,41,78,65,35,49,73
94,33,79,5,98,41,34,42,25,2,56,62,87,15,25,40,5,98,35,30,27,13,93,14,11,87,13,68,22,5,8,5,25,5,55,92,41,91,49,66,25,33,98,58,85,12,99,59,82,81,43,61,77,24,81,53,59,11,91,18,59
9,84,36,1,6,35,71,19,34,87,31,74,26,94,46,37,90,80,4,33,33,52,63,13,35,69,33,19,72,7,97,45,43,11,4,22,83,6,17,27,73,91,79,3,70,32,62,86,96,70,40,95,5,91,83,19,8,60,99,7,71
49,36,82,47,74,40,80,10,86,73,51,87,96,32,78,73,35,74,23,94,91,78,94,26,17,8,20,73,24,78,79,32,91,37,46,16,52,14,32,83,60,94,25,21,3,10,53,37,53,59,96,52,86,91,86,10,46,22,22,83,97
31,69,2,81,31,53,20,97,84,88,44,44,80,66,2,77,31,27,2,35,31,98,26,78,33,79,82,6,89,3,58,2,3,74,55,18,82,97,78,38,39,79,62,23,54,13,29,40,3,99,21,79,11,24,47,47,18,34,47,65,6
40,6,49,60,14,30,70,23,83,63,43,83,68,57,35,52,34,2,8,77,69,31,22,67,83,94,90,55,63,20,90,37,79,42,92,50,92,92,23,22,19,90,37,93,70,42,71,58,57,78,27,58,94,54,36,14,45,18,20,83,97
46,73,67,60,28,53,92,78,82,34,79,58,70,31,66,94,24,40,14,51,81,19,9,26,36,86,93,5,11,4,75,83,56,50,8,25,26,2,36,69,42,44,60,41,59,59,59,23,44,84,65,39,96,23,95,36,28,60,50,30,7
95,65,55,43,48,8,39,75,76,44,48,46,86,82,33,81,95,94,95,57,3,6,99,22,58,17,64,52,70,97,5,56,71,99,93,1,94,41,78,92,8,94,69,53,1,60,49,31,15,84,65,54,22,83,16,65,61,76,9,25,56
78,93,3,51,6,40,67,85,81,69,63,73,34,87,44,54,8,16,15,4,74,67,5,99,31,86,36,30,71,79,61,98,69,60,88,86,21,32,70,47,72,34,3,11,55,66,55,5,37,55,14,59,24,61,90,95,15,19,92,17,21
81,23,21,19,54,90,5,25,46,97,47,81,16,9,71,6,22,74,89,13,19,86,44,2,33,53,96,60,20,27,71,13,1,63,97,23,13,94,19,53,41,60,17,51,49,77,70,93,28,64,71,94,72,87,7,59,98,38,13,31,2
11,26,79,60,82,34,44,91,96,18,98,99,99,59,67,4,78,98,87,23,10,74,35,37,34,74,37,25,3,4,51,83,32,94,49,78,99,39,11,35,71,44,95,37,13,50,80,45,70,98,42,30,4,14,30,77,18,6,18,7,2
81,53,91,89,24,40,10,66,92,44,47,79,93,33,99,30,30,50,59,41,43,13,82,9,87,91,51,36,9,52,68,56,53,33,18,15,60,56,89,70,74,85,43,69,68,9,94,20,45,68,83,49,47,33,16,55,86,29,17,46,28
58,35,5,92,51,62,40,10,66,9,12,59,37,68,63,69,59,20,42,66,64,74,81,72,40,42,87,21,46,74,37,39,84,85,81,29,4,62,42,26,16,31,1,78,96,71,70,76,59,26,84,5,99,73,81,48,98,37,84,27,47
1,17,90,77,36,86,93,3,76,12,70,76,17,36,51,34,8,50,18,15,17,57,3,47,92,7,93,76,79,20,82,99,93,62,13,36,81,30,58,97,69,8,59,19,44,94,55,11,94,73,62,51,16,62,47,90,7,65,26,29,6
30,13,92,9,68,57,73,40,28,80,91,21,73,12,32,20,74,92,46,26,97,44,78,26,87,45,37,92,75,77,22,88,81,20,55,14,19,13,82,94,53,47,71,84,44,41,4,59,25,24,89,15,37,48,44,71,61,61,19,94,43
68,31,78,7,17,67,35,3,65,82,35,93,4,13,75,43,33,9,47,84,50,51,98,35,19,23,93,58,93,99,30,96,42,66,86,12,31,89,17,35,63,13,17,91,71,69,10,65,96,17,21,6,16,85,31,24,78,47,29,14,63
99,15,46,84,71,14,98,44,74,72,92,66,33,70,68,84,55,84,80,37,10,1,56,32,97,37,95,88,21,29,81,66,51,61,14,55,10,70,38,10,76,53,96,13,21,48,49,36,36,67,34,3,8,64,93,47,40,1,87,84,76
66,4,9,48,48,67,5,50,24,79,36,58,44,42,69,86,39,50,6,12,97,72,29,63,86,84,13,68,32,17,21,15,59,53,26,75,10,26,83,6,40,45,56,72,28,98,72,4,74,98,40,5,10,18,34,63,76,46,72,90,28
27,92,23,68,93,24,1,34,18,53,43,61,58,97,13,19,3,16,10,8,14,69,16,19,38,77,30,32,82,40,26,63,34,63,26,52,69,99,55,38,9,22,27,65,11,67,19,19,35,16,74,25,13,61,11,57,3,36,71,91,30
34,63,10,68,78,21,16,28,30,50,76,14,46,90,95,38,37,40,20,47,82,84,30,71,73,7,8,49,93,12,68,34,55,95,76,77,34,21,7,66,56,45,73,27,64,92,43,6,29,92,29,29,96,68,30,57,84,61,83,43,61
17,22,84,33,11,21,29,78,53,71,12,25,80,65,95,83,81,86,36,4,84,21,67,30,13,61,66,45,59,43,52,49,58,67,90,82,22,33,26,39,53,73,23,15,71,23,98,71,52,58,36,73,21,12,31,59,25,44,7,65,58
86,9,46,26,16,25,45,73,74,34,36,81,45,17,31,18,62,8,55,56,15,54,89,37,58,99,25,30,43,44,1,27,65,34,60,50,4,1,18,37,54,24,45,71,99,73,9,16,44,80,53,19,45,11,78,86,68,37,53,78,6
93,67,95,82,80,22,76,17,87,41,26,74,27,88,89,96,21,68,81,52,46,12,15,13,81,62,55,89,86,62,99,29,37,33,50,82,17,98,63,80,60,80,63,72,64,65,16,50,44,73,27,54,41,34,61,26,10,59,12,32,5
60,62,56,88,39,95,81,45,19,83,89,10,34,76,29,68,12,77,1,40,45,27,93,80,1,10,44,2,90,79,99,6,21,86,14,90,71,40,53,59,69,46,36,1,57,72,61,18,83,66,63,89,79,44,67,41,17,35,47,30,86
22,20,6,90,74,23,63,55,20,75,87,73,71,51,81,90,34,58,83,71,13,35,50,24,50,25,30,76,72,16,91,63,72,1,63,50,43,13,8,94,64,96,20,9,5,95,14,53,73,35,17,96,55,58,93,29,14,57,55,67,30
61,71,1,76,30,33,89,84,48,78,32,45,79,59,54,83,85,54,12,76,57,72,39,10,97,63,23,76,52,87,17,37,95,16,50,9,33,27,86,32,64,60,77,37,10,54,90,77,68,31,32,83,43,9,85,76,58,24,58,17,18
68,71,84,3,55,14,62,60,92,98,1,34,93,40,11,34,51,63,37,92,23,20,72,54,12,83,19,20,56,49,59,52,39,16,68,34,12,39,95,58,29,67,98,78,63,53,4,19,64,22,49,8,5,63,90,89,39,52,58,95,56
31,65,44,34,29,12,45,41,11,50,58,53,80,65,3,89,13,15,60,22,74,57,72,79,44,52,14,60,89,48,27,35,97,23,36,59,30,89,26,60,51,82,91,72,98,75,93,75,10,82,40,18,94,31,14,24,16,15,60,32,93
85,67,40,9,2,82,73,77,79,39,31,80,42,85,51,23,71,8,53,65,16,11,9,92,84,26,38,45,20,27,65,96,61,83,96,40,26,40,66,29,24,11,24,80,99,7,12,65,96,20,75,40,65,74,5,30,43,1,16,65,40
46,35,81,14,98,16,52,30,69,4,71,64,74,78,79,70,32,24,38,83,25,28,23,14,33,58,50,35,49,7,74,85,33,45,11,36,49,3,89,92,46,69,12,24,46,78,46,43,62,11,53,16,3,86,8,64,60,13,54,55,3

The initial sequence dependent setup time of each job processed on machine 5.
(Where rows denote jobs: 1 to 60 and columns denote jobs: 0 to 60.For example:The value of Sijk is in row j,column i+1.)
37,37,49,17,14,70,50,23,21,50,89,93,34,72,2,90,17,96,29,47,15,54,13,5,42,58,39,29,17,98,96,33,25,59,58,9,25,44,35,64,2,63,74,34,55,80,33,40,4,61,13,1,71,11,75,59,97,53,43,88,73
47,97,95,3,29,44,62,8,60,61,23,86,71,95,22,49,23,87,36,39,65,89,62,13,70,61,71,62,32,49,33,43,35,77,84,82,6,14,43,68,63,42,5,25,49,29,76,38,80,40,18,45,50,34,68,77,84,38,41,59,74
50,11,29,5,79,37,18,93,90,39,53,13,57,50,77,93,76,61,50,83,11,88,13,31,36,94,75,55,37,64,60,14,59,9,12,93,57,92,61,19,25,16,98,77,9,41,97,82,9,70,47,41,41,43,45,6,10,38,47,62,54
14,28,42,81,2,47,40,75,86,40,92,11,10,60,23,48,38,29,46,64,48,48,99,50,23,15,67,45,75,11,37,24,8,84,22,78,9,94,80,41,3,34,18,55,80,92,68,12,94,45,46,9,76,87,41,54,21,79,67,26,87
42,64,15,58,74,59,95,50,51,56,35,27,83,10,44,92,62,43,48,79,26,10,48,69,17,3,13,21,75,46,51,90,90,6,66,28,67,73,63,61,64,23,8,53,99,12,85,38,8,84,90,46,84,62,85,56,66,29,3,70,69
67,60,85,73,52,57,61,40,87,4,71,67,79,62,12,27,99,70,21,61,22,91,99,49,48,86,36,43,78,8,5,43,42,81,4,46,43,97,92,82,73,15,91,24,21,49,31,23,53,62,50,97,56,9,82,44,92,36,55,13,96
74,82,35,35,25,50,11,33,81,92,18,40,39,95,45,14,8,11,30,58,18,44,49,78,77,89,67,62,69,37,40,14,17,43,36,41,87,99,93,19,23,45,12,33,82,10,8,92,16,88,83,63,53,64,76,81,1,27,80,92,18
74,58,70,33,56,86,63,71,71,52,38,43,67,91,31,13,50,3,54,84,50,65,4,1,59,12,62,82,44,22,44,14,18,38,48,43,89,15,90,44,70,24,54,76,74,9,73,69,58,12,80,30,77,51,70,83,32,35,76,25,26
9,88,22,69,47,75,46,49,90,24,66,31,45,98,31,77,98,95,80,82,41,91,65,31,34,76,38,70,93,73,67,95,90,14,57,90,39,92,35,44,12,33,68,45,50,64,22,80,36,7,71,87,17,44,57,13,63,2,61,91,16
7,64,53,96,54,34,91,56,12,27,82,4,63,27,47,79,12,6,50,84,84,32,89,99,28,59,49,88,14,5,13,47,68,11,15,67,19,28,62,67,55,90,49,98,65,39,93,59,90,90,91,11,11,29,10,35,27,46,4,9,23
86,61,24,36,32,31,82,31,90,86,20,88,26,4,2,36,4,46,10,31,66,38,31,70,73,8,88,73,25,23,33,8,5,9,39,24,51,15,18,65,42,25,90,56,48,37,28,86,89,94,65,25,32,76,80,52,77,10,32,13,12
10,83,15,1,31,85,74,42,5,64,68,37,30,88,45,80,83,93,60,29,72,45,15,56,31,40,20,86,38,50,55,5,77,93,58,58,57,12,49,96,91,60,31,33,70,36,4,95,28,71,37,22,47,78,51,73,87,63,53,82,92
18,37,80,85,89,91,83,74,98,77,79,94,6,69,86,82,78,65,27,45,41,51,88,80,61,2,66,82,10,10,4,88,81,61,56,64,95,80,74,6,74,74,82,17,1,58,74,62,98,5,50,64,31,30,1,47,37,55,52,27,3
38,99,41,79,49,34,23,53,48,28,54,8,46,61,13,75,73,11,93,50,61,71,8,34,3,59,86,94,10,31,99,21,37,52,67,38,99,10,31,86,31,57,50,8,46,66,7,11,74,34,4,37,56,19,41,15,49,22,41,43,70
58,34,26,69,2,94,75,6,49,48,11,92,75,29,28,97,6,46,73,96,38,98,36,36,29,66,72,23,45,31,5,12,30,36,92,8,66,87,63,58,77,88,51,87,46,52,51,6,94,71,78,75,93,54,14,89,96,84,5,54,61
90,35,9,5,36,24,95,63,23,55,50,92,44,93,96,58,8,50,63,81,89,57,64,2,24,4,2,66,55,13,94,93,74,44,87,12,43,82,14,6,39,30,61,44,91,90,86,59,25,11,54,15,35,38,76,63,97,21,73,81,38
19,57,92,64,68,38,11,4,64,92,7,70,29,85,80,23,88,74,5,37,1,43,87,68,43,26,27,87,38,27,74,27,11,40,99,45,70,41,22,66,52,8,7,73,52,38,63,49,17,70,33,87,36,93,27,24,9,37,98,92,24
58,48,60,27,97,42,48,52,35,45,71,79,58,87,19,53,95,71,10,58,90,40,52,48,53,40,50,27,42,71,42,37,99,3,60,16,70,44,85,95,60,56,81,56,56,72,65,41,80,3,18,8,9,98,39,83,96,73,73,74,42
3,65,22,62,65,41,64,96,90,34,69,28,83,97,55,79,30,66,56,84,82,97,87,40,50,37,38,8,1,87,61,13,65,27,38,67,25,17,7,98,81,99,46,6,41,15,46,82,45,92,95,30,99,31,66,9,5,66,69,41,76
42,48,84,54,42,34,99,8,56,18,29,77,83,53,29,75,86,26,47,58,3,40,99,2,36,52,48,67,34,98,89,70,94,77,99,63,42,61,37,19,22,22,53,38,25,12,36,51,36,25,35,82,43,9,40,51,60,52,50,13,18
87,74,18,87,21,15,39,4,4,78,71,91,89,82,24,9,50,59,15,73,84,76,10,54,83,37,29,91,43,99,53,67,41,71,50,20,31,36,78,29,7,42,88,44,2,29,69,13,65,92,81,26,64,54,71,72,46,25,38,47,91
66,38,6,37,15,20,89,85,75,3,59,2,69,54,36,46,96,45,31,69,74,42,86,74,99,79,66,92,34,26,88,38,90,64,45,49,86,38,4,99,48,1,49,68,65,37,39,41,98,88,32,74,25,57,20,23,91,77,87,10,95
77,91,92,75,11,20,91,91,39,29,30,82,25,14,76,60,22,91,8,75,25,82,10,92,75,20,52,1,83,53,90,27,92,90,5,46,85,53,70,57,86,11,58,93,93,22,36,84,36,45,60,42,28,25,36,91,36,79,31,15,37
58,25,72,17,14,74,57,21,46,23,12,18,4,77,5,27,59,25,65,85,16,88,7,32,11,6,10,55,95,36,21,68,49,12,77,34,6,13,25,46,26,10,47,86,78,41,60,75,9,46,52,52,41,78,19,34,15,82,98,44,46
90,14,65,6,17,54,42,81,36,87,30,10,27,90,57,24,95,95,51,35,65,95,39,11,24,34,20,15,4,84,5,82,50,4,71,7,16,30,45,5,32,84,7,73,43,7,44,60,43,99,27,80,7,18,16,56,88,38,71,69,42
1,44,56,77,64,34,95,48,90,9,92,78,93,30,99,8,32,32,78,79,26,18,20,86,97,81,50,97,39,71,34,60,55,63,34,77,45,69,70,82,59,93,92,94,57,31,96,69,13,75,45,41,7,66,76,92,4,2,97,77,67
32,62,52,24,76,74,81,52,56,91,35,87,91,12,88,6,4,89,33,94,12,82,99,64,31,39,90,75,33,47,62,40,68,64,56,5,57,6,12,27,12,85,89,63,74,15,66,31,91,26,66,50,18,23,84,43,78,55,10,59,36
54,77,96,71,52,68,37,57,82,78,98,14,34,7,82,9,27,50,57,22,78,24,22,46,1,60,31,21,32,59,87,9,59,96,76,41,60,69,80,20,43,92,75,92,73,26,48,48,77,93,63,22,84,11,63,60,83,10,4,9,89
27,79,27,4,61,92,13,59,78,19,40,66,62,13,96,93,46,65,84,92,45,17,4,20,37,32,46,46,76,2,39,59,93,76,96,93,40,82,61,99,30,56,93,33,71,54,58,75,48,92,45,62,31,22,74,83,54,50,3,76,39
12,54,93,56,85,14,70,41,34,98,47,29,46,46,77,53,89,22,58,71,51,66,69,7,99,41,64,71,21,22,84,15,33,18,4,14,74,45,53,99,88,64,53,28,71,99,38,95,13,61,57,11,65,21,71,35,11,38,81,24,1
98,49,13,20,33,52,55,14,48,57,89,52,87,23,8,78,48,77,48,79,17,45,21,36,34,10,52,68,17,30,9,90,72,86,60,35,91,67,71,19,70,69,57,85,81,20,38,6,51,38,61,29,57,29,80,84,71,38,96,67,82
89,26,65,35,96,85,11,38,61,56,73,5,52,23,46,96,29,74,5,55,57,71,8,90,91,45,61,30,71,75,26,7,16,54,86,22,73,18,60,83,4,21,23,26,48,6,7,92,75,35,30,88,56,42,14,26,11,62,71,65,11
70,89,19,56,82,70,77,59,7,3,81,26,77,57,10,89,13,66,85,36,91,43,5,95,88,35,10,18,52,68,57,77,54,95,31,17,16,97,34,76,52,33,5,89,29,34,39,90,64,61,16,82,15,1,74,51,66,47,33,53,90
77,58,66,82,11,59,52,21,86,51,97,18,43,11,90,18,2,63,92,39,59,56,34,34,85,96,70,63,30,85,45,82,13,90,42,99,50,69,22,97,93,77,36,61,54,71,23,29,26,90,66,37,28,68,97,89,77,95,46,26,82
7,38,76,14,30,69,99,90,56,22,69,70,10,23,14,95,18,76,86,37,20,8,32,39,13,83,64,79,37,99,16,33,28,91,70,65,94,41,4,32,2,43,3,53,52,65,35,74,57,7,80,5,58,75,23,59,4,82,29,19,50
96,55,70,92,16,58,6,56,12,59,94,93,68,19,19,33,99,6,63,58,29,61,83,58,90,61,32,58,11,57,9,60,18,49,18,4,39,40,51,21,32,90,23,4,58,26,42,31,32,49,22,40,81,80,3,7,13,7,2,13,73
11,23,9,94,50,11,23,8,53,60,47,79,7,36,26,22,45,32,25,90,3,64,26,77,76,87,84,65,34,35,38,95,78,50,38,98,15,90,47,14,31,97,60,42,15,48,43,76,53,1,75,52,74,35,24,45,47,95,38,91,13
29,30,35,41,89,89,29,50,5,51,67,90,87,21,37,58,97,77,91,15,51,45,7,98,18,93,77,53,41,97,83,12,85,4,85,41,24,37,30,95,14,99,39,74,1,84,46,30,67,3,21,84,59,45,5,71,20,50,33,91,12
6,70,41,47,20,83,31,84,22,84,27,67,21,66,84,75,53,37,13,85,26,12,19,29,43,44,35,81,25,73,53,4,84,35,67,57,60,81,79,8,11,50,45,77,44,14,75,60,4,43,46,64,73,99,1,3,73,29,62,69,50
85,54,20,85,12,55,70,10,13,41,49,95,39,18,76,37,26,57,43,2,40,58,93,45,25,70,55,94,3,46,34,38,40,22,77,85,67,35,80,2,33,59,66,29,63,88,20,52,99,12,45,63,59,93,28,81,37,17,23,70,71
62,85,3,96,22,11,93,36,2,54,64,95,90,64,82,31,66,33,2,1,34,67,84,15,75,53,51,54,1,74,69,39,34,74,29,72,63,54,40,21,44,54,31,84,31,4,22,47,83,68,86,38,82,95,73,39,47,33,23,40,96
94,35,53,96,65,21,81,55,26,58,2,84,46,36,79,33,92,55,33,24,49,10,36,50,46,59,98,98,15,28,87,92,3,13,29,71,48,24,61,50,55,17,23,45,50,29,13,73,29,33,41,34,25,74,51,35,83,47,1,3,65
13,32,83,31,20,60,20,83,33,36,39,97,92,61,95,3,5,45,39,74,30,36,71,11,56,28,25,85,72,32,19,16,27,41,29,92,98,43,22,20,61,9,4,79,1,28,16,75,59,46,78,29,6,14,33,12,98,35,40,72,80
52,2,12,18,71,18,86,9,97,19,51,8,74,78,17,37,71,75,88,14,75,23,14,37,69,95,66,75,35,99,70,22,81,94,57,41,99,62,44,64,47,25,51,99,52,2,1,82,13,92,79,90,67,89,81,67,40,31,62,66,8
48,69,10,80,28,13,65,58,37,25,97,23,19,32,47,97,1,41,16,4,58,45,9,74,21,94,68,9,49,59,66,82,91,13,39,97,93,27,4,8,98,17,67,15,39,26,1,29,25,62,97,82,5,98,64,81,44,67,12,60,7
84,13,68,14,51,47,96,15,81,26,91,6,94,45,90,74,32,97,25,6,61,43,35,74,50,29,4,55,33,74,2,46,68,58,69,60,26,18,58,88,70,62,30,60,44,49,54,22,12,22,64,61,12,79,3,2,61,3,24,24,5
30,67,31,51,81,91,10,63,34,19,75,38,12,84,19,12,93,88,85,60,15,18,23,72,2,96,23,46,10,83,34,59,23,15,36,42,73,17,48,43,96,39,31,41,83,53,13,47,76,62,82,79,82,46,70,41,62,62,67,36,40
53,74,54,14,96,27,42,71,67,50,65,2,19,9,36,95,60,65,15,67,79,34,69,42,11,62,81,81,83,43,57,52,74,68,67,23,70,38,42,10,30,21,2,50,59,57,59,61,67,12,14,89,14,15,86,51,83,32,3,5,6
20,33,18,27,38,71,25,13,32,72,89,89,41,4,65,62,48,74,36,85,34,18,66,94,36,93,16,64,80,51,18,52,45,32,73,63,41,10,14,27,17,18,71,92,60,17,63,89,37,22,97,12,86,10,50,4,4,94,88,31,54
28,38,74,40,34,15,37,69,39,80,90,37,8,39,21,70,66,6,27,86,49,39,86,75,56,57,9,13,82,49,65,84,58,15,47,22,61,47,55,88,22,23,36,3,50,47,96,38,38,30,22,13,59,40,98,77,74,88,68,38,14
50,30,27,71,55,9,80,59,13,89,79,43,28,26,60,11,68,84,63,21,98,68,59,45,1,96,17,83,1,93,75,82,43,93,96,65,20,29,27,82,96,11,47,57,63,66,16,51,23,67,71,71,30,3,92,16,90,73,47,60,6
25,5,95,93,61,83,4,42,65,86,23,11,65,8,59,70,2,25,56,89,56,99,55,88,22,53,22,47,87,36,49,55,40,77,66,77,9,81,92,34,97,50,61,19,18,70,1,68,28,59,35,28,74,22,78,68,26,84,34,86,20
41,16,62,52,84,43,60,50,95,3,50,84,41,26,98,2,54,86,11,66,95,10,92,70,43,44,13,2,5,94,21,15,56,97,70,22,27,56,27,41,2,75,79,65,92,99,29,57,83,63,53,82,64,44,60,62,43,41,32,8,11
76,85,12,94,86,8,41,64,63,8,97,39,30,64,30,59,48,37,77,87,20,90,43,38,60,64,5,82,41,17,50,99,9,53,58,88,22,18,8,68,91,47,47,26,97,42,54,13,23,39,67,78,42,5,54,54,61,7,23,82,6
67,90,16,75,61,4,2,24,89,83,94,91,15,79,13,58,69,77,65,28,85,87,67,42,13,98,80,19,63,40,40,86,91,69,62,37,46,57,53,10,54,14,83,18,37,42,93,49,37,96,65,96,18,23,2,12,54,6,83,44,35
48,57,9,61,40,48,1,80,72,35,3,72,15,6,27,14,53,80,15,96,3,60,13,33,90,74,96,30,19,2,39,89,6,98,46,32,63,81,80,12,41,9,54,68,2,22,25,12,61,39,87,89,27,13,28,83,14,77,17,2,15
52,25,35,47,69,63,13,49,97,53,16,93,12,9,29,31,57,59,84,94,98,32,53,30,15,28,10,43,74,68,70,17,85,93,27,60,44,8,62,32,98,5,64,18,27,37,84,82,36,67,45,92,45,90,31,22,41,44,54,99,71
34,43,30,70,18,95,96,30,22,79,79,27,83,58,12,19,44,82,75,72,96,7,98,32,47,68,13,95,99,55,97,25,90,16,94,89,47,25,8,10,95,3,12,15,10,19,21,79,19,56,78,4,8,67,93,34,46,71,25,93,38
42,53,99,10,84,21,95,20,45,99,29,31,60,41,91,27,29,10,30,29,47,31,39,21,79,89,75,8,59,76,91,74,82,71,88,26,5,80,79,14,60,25,98,17,58,39,82,60,3,47,51,59,57,68,10,11,87,20,1,8,87
20,7,84,79,94,20,83,57,41,92,42,49,7,36,13,82,56,16,41,31,74,56,49,49,33,91,52,39,57,61,59,12,50,42,45,75,38,53,11,77,76,96,73,50,84,21,73,90,96,48,15,39,53,17,67,64,96,66,42,57,14

The initial sequence dependent setup time of each job processed on machine 6.
(Where rows denote jobs: 1 to 60 and columns denote jobs: 0 to 60.For example:The value of Sijk is in row j,column i+1.)
1,76,95,38,1,99,80,84,7,78,88,49,95,97,1,97,64,1,92,94,5,37,19,42,28,88,75,70,76,82,23,54,56,20,99,15,95,16,20,81,12,32,30,14,77,21,19,61,79,43,28,58,31,19,19,69,98,56,85,87,61
65,9,54,98,3,85,13,87,42,23,88,31,54,83,26,94,52,92,37,57,33,20,3,27,72,41,97,60,53,75,73,71,99,98,28,72,28,8,4,48,78,69,60,7,25,84,51,72,77,49,76,9,34,95,85,37,64,56,13,86,47
58,26,14,61,61,83,62,52,3,31,15,66,83,66,67,44,92,11,27,93,28,23,99,61,5,46,41,27,79,38,75,70,97,63,10,45,88,29,18,25,96,61,37,24,21,17,45,95,81,7,99,75,63,11,25,3,64,65,89,14,98
51,91,8,94,66,73,11,49,98,85,71,74,38,12,90,54,94,86,27,17,18,86,68,63,58,42,34,35,79,55,33,74,47,86,30,56,49,24,61,29,64,72,27,16,45,63,80,23,79,66,77,3,76,28,17,44,67,16,20,88,94
83,18,40,53,54,28,99,55,42,24,14,64,75,74,32,14,39,73,76,35,79,63,51,23,62,99,30,38,97,40,93,67,80,51,27,37,63,39,86,74,1,33,6,63,4,63,80,94,88,71,5,65,77,58,10,33,78,78,91,26,51
45,97,89,52,43,96,74,40,90,91,23,30,87,71,99,45,58,73,39,67,42,72,63,5,74,81,33,30,13,81,59,33,53,91,88,88,10,56,38,81,69,78,57,93,53,71,11,79,39,53,54,59,86,34,42,97,13,61,62,40,45
75,20,21,3,66,52,33,30,51,24,99,38,94,91,87,24,32,56,54,59,88,28,33,80,72,39,28,33,81,51,9,78,3,59,31,7,67,17,13,62,97,94,18,60,82,71,29,22,42,63,33,44,40,99,48,44,90,32,42,66,91
57,93,39,14,14,66,25,32,51,21,17,94,25,83,36,23,7,46,58,43,80,13,89,20,98,77,55,1,22,97,78,58,39,19,12,96,72,53,32,37,65,69,80,50,87,35,79,76,8,10,78,3,96,56,32,1,91,2,57,28,92
23,1,54,62,49,15,52,16,96,4,66,29,91,64,8,77,6,50,51,64,80,83,53,82,49,66,67,26,26,18,12,31,51,81,67,52,50,17,4,41,20,76,56,63,48,7,53,56,22,82,87,99,41,35,87,5,13,75,18,63,83
64,82,85,31,97,5,97,89,26,94,29,9,85,94,37,60,95,83,92,7,69,16,89,5,61,72,41,90,97,68,40,71,10,13,17,70,86,59,7,26,20,97,32,52,35,77,5,45,49,67,26,74,13,72,59,45,19,88,90,94,17
37,21,71,63,67,93,41,47,57,8,93,51,70,44,96,37,48,72,72,6,42,56,13,78,71,22,90,7,92,47,14,30,20,58,58,54,57,33,20,68,35,56,54,10,3,77,70,31,4,49,37,90,23,65,5,40,79,36,36,62,33
75,77,41,99,10,52,14,37,97,64,53,49,6,76,96,59,26,97,86,66,74,77,60,59,65,89,49,90,38,93,97,40,81,21,16,4,56,94,47,65,98,84,1,4,69,39,13,46,36,78,32,42,5,95,28,17,49,61,32,50,14
80,11,34,12,81,96,39,32,88,94,7,99,37,72,58,3,29,44,55,91,26,56,99,2,53,1,19,92,38,29,4,33,97,2,14,29,34,9,17,67,77,78,46,26,73,13,96,59,89,46,39,86,96,95,4,34,84,9,4,26,22
71,89,95,24,21,31,63,53,28,22,27,4,50,3,95,37,36,33,3,65,37,99,23,75,28,93,66,71,51,82,93,10,60,3,62,59,91,47,6,65,66,80,9,70,35,29,86,99,35,98,65,66,81,76,20,79,51,41,71,48,26
43,74,4,92,27,8,92,35,11,40,42,94,46,27,89,95,9,25,85,5,84,80,14,56,29,4,22,70,69,87,4,64,19,87,36,56,55,48,69,17,11,10,19,4,38,78,29,42,1,70,35,27,29,10,71,51,31,85,88,33,14
68,35,99,28,1,1,64,2,25,31,93,83,17,45,97,58,72,32,23,61,31,43,37,53,24,93,14,35,74,3,43,77,38,27,5,14,12,9,33,48,40,77,30,58,65,55,28,57,47,40,23,31,26,24,96,15,58,67,45,88,9
13,26,97,2,35,76,69,12,19,20,69,54,31,40,28,22,34,8,69,64,18,33,7,27,79,61,53,17,13,78,99,54,96,24,93,76,89,21,81,23,94,56,89,95,96,62,88,95,65,4,97,16,65,25,55,61,84,2,43,84,90
74,60,79,15,76,75,13,82,32,82,19,94,28,63,27,94,13,50,67,63,24,73,86,4,25,1,34,11,30,49,99,94,39,61,85,1,91,71,98,49,7,12,11,21,86,48,72,12,61,78,4,17,35,54,25,43,50,43,27,67,47
87,11,58,48,49,90,31,14,11,97,96,33,12,41,15,22,72,79,44,7,23,6,75,20,51,49,40,16,42,37,38,99,46,23,22,86,19,29,92,8,12,47,56,42,67,72,27,86,22,3,26,68,27,9,82,18,2,42,98,71,97
89,44,82,82,4,44,38,69,48,70,88,72,10,37,57,55,2,11,50,65,17,26,17,33,17,95,2,16,81,25,57,2,32,87,75,57,25,10,37,64,60,33,62,97,64,32,13,60,53,62,18,55,45,56,9,61,7,98,94,58,31
10,41,51,53,22,11,83,83,90,21,75,72,33,26,56,37,18,32,71,71,53,50,28,43,69,3,6,81,6,53,56,53,42,17,80,63,68,38,47,23,53,52,46,79,66,21,21,24,52,44,60,35,70,46,17,68,50,60,53,49,52
98,97,74,12,15,69,47,40,79,74,42,34,31,35,4,4,76,39,63,17,83,22,20,6,84,12,62,26,28,52,78,7,94,31,1,89,41,68,89,61,14,62,72,31,9,7,67,62,1,36,51,90,66,32,52,48,42,88,43,18,55
4,39,31,37,20,11,6,33,40,16,2,36,91,18,35,64,48,45,49,89,92,9,30,4,30,62,79,4,97,98,20,22,71,14,61,55,99,86,75,85,61,52,74,40,50,91,47,27,19,84,66,80,4,62,3,55,75,47,24,58,42
61,57,79,33,2,27,68,41,87,45,26,40,30,58,17,85,29,82,69,84,25,44,76,22,83,68,58,75,50,96,16,11,44,34,30,21,52,98,87,92,22,36,31,23,51,21,41,66,54,74,51,17,99,6,80,2,64,92,86,71,95
76,96,72,86,10,15,59,36,8,63,11,67,14,51,41,69,20,79,24,1,23,71,60,22,76,14,32,41,12,96,76,60,80,28,65,38,11,32,79,52,27,92,99,35,70,5,30,88,86,24,47,43,15,62,67,51,84,50,43,92,84
31,23,7,60,46,89,2,28,87,39,10,42,74,63,3,47,64,11,82,1,56,92,17,50,46,38,70,37,57,95,10,53,72,62,91,97,68,90,83,65,78,5,90,69,70,16,60,8,89,54,14,67,71,60,41,58,37,28,5,9,86
16,36,81,35,51,59,88,73,2,36,73,99,25,10,42,30,1,51,96,96,25,76,33,84,17,23,51,1,81,3,3,36,99,76,66,20,86,32,83,41,31,85,40,70,90,49,12,45,90,82,8,29,85,22,60,27,48,31,46,37,37
26,32,8,30,85,55,15,68,85,62,78,43,7,41,2,20,63,95,30,16,85,21,70,52,47,60,88,92,82,55,71,20,93,64,93,48,15,15,14,6,89,99,80,78,75,21,51,57,3,3,19,70,58,63,50,7,98,12,22,83,69
20,99,16,55,95,5,50,75,77,44,30,80,59,95,31,21,60,29,13,44,20,6,50,55,75,28,44,46,20,92,13,78,24,13,22,92,66,77,97,8,55,79,43,74,77,67,49,38,41,68,3,84,25,89,74,67,55,81,74,90,95
61,35,63,49,31,11,71,46,34,75,27,24,11,69,50,40,51,60,94,34,99,85,12,60,19,46,95,51,73,46,74,70,34,33,29,48,89,24,67,82,37,44,87,77,47,47,94,45,46,24,84,14,16,51,47,18,76,20,34,52,26
98,6,25,99,8,36,18,26,21,7,49,64,60,41,46,97,2,22,68,58,71,67,34,80,65,52,31,78,49,78,37,29,75,25,86,6,45,59,18,88,29,92,14,67,55,97,78,30,57,77,45,5,84,77,54,37,68,80,44,84,75
7,55,52,77,56,31,55,57,61,10,99,26,6,15,60,48,85,92,64,8,57,39,63,34,9,86,24,25,26,94,84,84,83,19,92,61,18,51,49,35,95,56,43,50,9,14,48,8,1,58,48,62,59,9,9,78,52,64,40,46,42
15,44,5,4,89,47,76,9,7,78,82,25,62,87,62,80,1,77,45,46,70,3,37,66,3,22,43,85,35,53,64,87,11,34,50,46,35,68,4,92,6,37,90,95,82,29,40,91,64,72,27,51,43,39,42,61,6,54,59,92,97
92,54,88,23,49,61,45,61,37,99,49,95,58,68,69,14,83,26,42,24,29,82,62,98,58,6,16,89,7,99,19,43,32,32,55,42,72,52,34,31,27,30,68,66,52,18,21,26,30,18,59,6,38,47,49,71,95,68,17,7,58
91,26,42,72,43,92,76,21,16,57,93,16,54,53,36,29,75,97,28,79,32,12,72,78,97,15,71,93,44,81,27,81,49,21,47,39,37,7,91,86,61,41,21,68,50,9,32,48,76,8,97,29,14,17,30,1,67,57,83,20,16
27,41,52,50,98,21,33,37,62,29,35,8,54,60,77,25,42,70,59,96,93,14,20,13,40,66,11,14,44,90,78,1,10,17,65,99,70,48,45,7,88,69,98,24,76,75,68,62,44,18,81,52,5,64,24,79,90,11,48,52,91
85,70,22,33,44,13,87,12,56,64,61,58,55,19,74,97,34,2,83,93,37,36,25,98,97,42,18,43,40,10,54,30,14,2,79,54,36,67,15,11,75,18,13,11,19,89,85,94,38,38,82,89,1,55,37,3,83,37,61,55,49
33,32,72,16,88,82,16,81,4,97,83,45,95,28,92,68,56,71,39,15,88,78,11,83,12,84,15,12,42,58,32,23,76,55,25,39,21,18,75,82,50,56,24,1,87,65,79,47,90,82,28,87,72,89,96,69,40,71,40,92,30
8,28,93,9,91,11,23,2,25,89,82,8,95,67,37,78,34,50,75,14,68,39,22,35,97,41,85,1,2,23,85,38,44,79,20,83,40,12,31,57,72,99,28,78,66,66,60,22,90,44,14,35,37,47,79,22,90,57,31,56,61
71,25,26,79,84,37,59,95,95,52,84,67,21,9,63,76,7,54,84,24,58,16,83,50,26,33,44,8,44,14,3,29,50,37,95,76,32,31,88,58,25,31,52,23,61,90,51,18,58,77,52,9,20,58,67,67,35,9,1,94,25
75,55,76,63,3,3,49,25,59,77,48,3,54,3,10,88,8,17,29,85,49,56,6,31,61,86,49,95,43,54,99,24,73,2,44,59,94,12,8,98,4,67,23,36,32,2,49,15,15,41,29,86,29,40,51,87,16,75,86,4,58
5,10,24,11,78,80,50,77,89,1,35,72,50,44,34,84,49,28,74,83,22,28,29,45,89,63,58,44,62,80,5,42,95,34,5,55,32,1,27,23,51,97,70,81,31,45,48,60,29,39,60,22,10,25,37,70,35,6,12,27,30
22,99,96,66,19,71,63,44,68,14,31,58,16,4,45,97,68,62,42,72,37,77,54,53,33,9,13,19,91,45,66,17,16,67,82,12,6,94,52,76,44,90,35,73,61,59,62,91,56,2,19,12,49,98,75,91,3,94,97,62,62
64,53,70,91,68,2,24,35,62,28,84,41,82,46,59,21,84,83,34,22,75,46,61,2,98,27,17,62,93,10,65,11,55,4,41,75,1,60,65,46,78,11,93,75,58,90,58,82,62,12,23,24,6,27,77,10,83,79,93,45,65
82,48,34,7,22,76,96,50,44,51,68,78,60,65,74,88,97,25,9,51,5,49,87,24,25,75,70,85,28,38,43,55,75,72,78,58,85,98,69,53,94,24,35,24,15,47,30,66,66,41,31,80,95,29,18,34,26,14,18,62,28
97,45,90,67,84,66,51,21,74,92,76,93,12,62,85,94,9,28,68,92,3,16,16,67,54,7,67,24,21,48,14,60,1,59,3,92,87,39,87,23,34,28,66,63,35,72,40,66,33,70,30,99,67,77,22,53,55,33,51,1,82
54,87,71,12,86,2,78,12,29,99,67,7,49,87,35,11,87,33,23,38,55,7,95,62,91,82,10,7,6,32,51,73,1,22,59,61,2,45,61,5,92,21,87,84,64,69,18,20,47,30,67,65,50,36,7,3,78,57,49,98,30
65,39,29,18,59,11,63,52,37,20,91,60,62,97,47,1,47,54,40,15,21,51,72,6,21,74,39,32,87,93,29,74,48,7,88,51,26,7,77,3,18,96,58,33,94,74,11,62,32,57,15,99,19,66,29,87,55,40,43,6,34
5,44,49,62,17,22,94,60,70,69,36,57,91,90,4,4,84,1,84,7,1,84,18,40,95,7,4,90,13,9,22,15,42,41,66,27,53,63,47,93,18,79,99,41,62,48,92,8,74,98,29,53,22,62,54,36,79,70,7,46,56
99,10,26,45,55,15,71,17,13,2,95,61,72,66,30,90,11,34,78,40,56,36,26,19,18,40,2,71,25,26,37,63,34,89,38,89,15,64,64,94,65,7,17,8,5,8,97,98,90,9,65,51,68,73,64,86,28,81,64,93,49
51,63,73,25,71,29,29,47,46,42,14,72,85,90,84,91,94,19,19,6,98,48,17,49,40,67,26,1,51,11,3,50,56,15,7,2,6,11,21,61,45,20,66,5,12,89,60,25,1,73,51,92,93,49,25,66,66,65,27,7,89
59,2,17,73,17,36,75,26,29,38,22,91,86,38,25,95,50,68,90,39,78,79,64,48,22,79,77,11,92,60,95,2,38,84,3,96,86,52,50,69,35,60,54,33,64,1,31,50,22,49,72,71,21,85,31,84,5,29,96,67,62
76,57,84,97,59,19,78,10,19,15,27,28,46,95,53,30,75,1,35,99,57,82,51,3,83,78,42,62,5,93,36,96,49,8,5,89,33,92,7,17,29,11,73,54,79,86,4,97,40,9,36,93,26,77,52,75,70,72,73,16,28
27,41,51,97,15,22,3,37,37,26,1,34,21,3,77,1,43,6,49,72,49,31,33,61,38,30,15,71,60,75,59,46,76,5,62,7,94,18,33,90,5,17,98,88,9,9,39,77,36,16,78,32,24,12,46,95,89,19,25,88,46
44,30,43,93,22,30,28,39,42,18,57,12,3,76,58,85,54,92,13,59,38,26,65,54,41,65,46,70,47,13,91,69,74,95,78,57,15,51,11,85,89,18,38,53,24,54,82,8,56,27,61,49,16,65,60,83,44,41,27,53,26
51,82,63,88,52,63,71,62,84,9,52,25,79,10,70,35,44,5,32,14,77,99,3,51,57,40,76,7,92,96,6,69,11,56,96,45,15,32,70,19,91,11,87,65,50,72,92,10,63,93,94,64,69,63,71,93,21,82,10,52,60
99,74,63,9,74,2,22,76,67,65,27,53,44,30,50,83,88,24,72,63,8,27,32,46,20,95,27,66,74,92,44,42,19,10,8,38,48,5,57,85,66,65,73,12,58,7,67,84,48,82,91,45,3,62,17,19,8,63,13,71,41
92,96,36,84,81,25,47,74,55,29,75,96,78,9,31,41,92,83,35,15,70,39,12,98,87,41,61,75,55,66,80,15,32,92,32,70,56,46,7,87,18,69,36,78,61,74,3,71,94,98,81,91,21,4,43,40,41,47,30,87,54
37,79,35,5,49,62,57,94,3,74,98,10,82,42,61,58,18,92,24,96,61,41,85,64,5,11,13,32,36,57,83,28,33,66,74,4,68,58,32,59,51,33,90,85,83,22,39,59,2,75,64,27,56,41,2,8,44,45,66,68,3
3,61,59,39,61,72,12,69,61,88,63,71,80,95,68,49,21,83,92,16,6,24,7,22,95,43,3,67,3,36,91,31,58,84,90,55,1,63,62,40,70,25,71,52,52,33,40,60,99,84,83,44,43,63,51,93,36,67,1,54,6

