The number of jobs:
60

The number of machines:
8

The number of workers:
4

The processing power of each machine:
(Where columns denote machines: 1 to 8.)
9,10,17,20,14,14,10,18

The idle power of each machine:
(Where columns denote machines: 1 to 8.)
8,5,8,1,7,6,8,10

The initial coefficient of each worker on each machine:
(Where rows denote workers: 1 to 4 and columns denote machines: 1 to 8.)
1.25,0.75,0.75,1.25,1,0.5,0.5,0.5
0.75,1,1.5,1.5,0.75,0.5,0.5,0.5
0.5,0.5,0.75,1,0.5,0.5,1.25,1.5
0.75,1,1.5,1.25,1.25,0.75,0.5,0.5

The basic processing time of jobs processed on different machines:
(Where rows denote jobs: 1 to 60 and columns denote machines: 1 to 8.)
41,24,46,31,46,87,64,75
10,45,90,85,42,34,67,68
40,39,29,24,78,11,77,42
98,5,98,8,99,71,81,60
74,44,71,56,24,96,37,5
87,40,29,77,34,11,41,73
9,17,51,41,44,73,84,46
73,12,10,29,23,91,17,15
63,71,12,95,9,50,90,60
32,93,89,57,27,59,27,13
24,85,96,45,43,63,18,41
90,82,2,82,66,20,63,95
94,64,62,28,90,76,38,56
22,22,27,74,20,62,24,61
79,26,47,6,25,83,78,33
29,86,17,26,27,21,20,13
77,9,40,78,10,17,84,31
12,30,73,92,61,55,42,15
29,67,43,11,32,60,55,37
88,96,37,4,89,47,26,85
78,32,71,16,72,72,63,80
38,13,75,98,88,21,45,8
24,35,36,69,9,1,95,34
10,67,23,6,24,81,22,4
38,68,77,14,16,67,77,71
86,70,38,3,20,51,27,48
96,68,80,24,84,1,36,93
6,82,8,82,33,40,26,64
50,80,69,37,89,72,93,47
13,2,88,46,34,66,56,17
53,69,47,21,24,92,33,84
62,72,85,17,86,82,64,14
95,77,34,45,76,86,79,20
52,50,55,14,17,80,5,15
96,70,48,60,11,26,46,85
6,74,63,94,61,43,99,70
49,83,73,91,8,22,85,6
25,48,60,88,75,93,54,68
33,62,27,2,6,71,66,9
16,67,37,55,50,34,49,45
10,19,68,28,64,4,55,42
79,55,99,60,40,33,72,16
90,33,3,96,52,24,44,78
24,49,40,87,94,5,67,66
11,76,70,51,82,14,82,75
74,23,72,27,43,69,92,47
34,72,42,40,24,56,31,26
62,86,49,40,78,42,2,29
70,3,86,28,12,39,96,4
73,20,84,30,77,42,94,91
52,73,60,38,97,17,98,87
59,1,85,35,72,79,83,80
40,12,48,42,86,83,51,44
57,69,93,47,56,30,72,44
13,37,44,23,97,83,81,74
25,40,30,61,5,93,43,33
45,25,57,1,99,96,4,11
75,61,4,34,83,45,34,3
71,49,78,64,7,54,17,9
49,9,91,40,84,11,17,41

The initial sequence dependent setup time of each job processed on machine 1.
(Where rows denote jobs: 1 to 60 and columns denote jobs: 0 to 60.For example:The value of Sijk is in row j,column i+1.)
23,48,99,92,56,4,34,16,4,87,25,27,86,33,93,50,75,17,55,24,35,60,77,78,77,57,87,50,45,35,19,7,75,33,71,62,9,86,77,85,44,84,53,9,94,21,21,96,27,80,98,80,59,1,73,96,94,88,25,7,45
11,43,86,87,55,19,93,77,96,44,18,5,49,63,25,52,28,44,8,19,45,91,52,52,59,86,92,17,13,73,33,84,60,63,8,93,67,67,62,90,90,14,82,51,6,11,6,13,56,85,13,97,6,62,44,71,16,33,50,31,37
55,58,69,49,55,17,19,20,52,70,38,57,40,77,3,2,84,82,63,50,89,84,48,49,3,86,40,53,16,30,5,40,62,35,61,51,79,80,40,79,36,85,63,83,83,53,61,26,65,54,90,60,27,72,27,94,40,39,85,35,64
7,70,9,34,52,90,69,52,67,45,59,3,98,45,46,98,32,32,24,42,41,88,86,80,58,4,41,54,4,18,74,61,52,62,21,36,78,80,49,66,3,69,19,5,87,2,55,33,36,54,94,7,46,39,70,75,94,35,68,8,93
72,6,70,75,84,65,4,52,77,71,27,58,88,99,75,34,71,43,25,39,84,19,69,8,98,43,26,67,9,76,38,53,94,26,90,88,39,56,46,70,29,42,82,19,9,1,70,37,73,81,37,86,53,99,54,26,88,18,52,80,50
74,92,50,28,23,2,99,48,7,17,40,44,75,16,60,38,61,28,52,2,81,32,56,49,31,48,87,38,72,39,61,59,73,68,46,1,95,12,75,14,64,64,7,74,44,1,9,50,48,31,16,78,31,19,70,78,44,59,89,30,74
46,94,21,47,59,18,36,7,31,50,12,8,24,99,69,51,98,23,89,5,71,79,58,1,39,76,36,15,30,12,9,16,9,47,59,86,5,15,64,95,16,29,45,96,24,94,21,77,13,23,56,29,38,84,98,58,68,82,65,13,75
51,7,77,44,88,13,77,98,73,85,64,70,81,95,22,41,19,62,81,89,59,67,40,32,16,14,5,29,72,22,46,92,27,28,26,75,73,6,36,53,54,55,10,96,66,49,8,82,86,35,12,4,19,1,57,31,26,50,78,77,42
31,54,43,30,20,70,63,36,28,10,81,28,39,64,16,63,78,37,94,6,83,63,79,13,83,13,43,23,80,76,50,94,35,22,64,74,22,16,23,28,11,20,82,67,25,60,91,47,50,84,16,31,23,33,48,81,28,14,10,43,7
34,16,15,51,84,72,74,78,54,27,32,87,78,94,73,51,30,82,89,10,10,33,54,51,53,38,28,69,16,92,29,18,89,96,34,18,66,58,59,94,40,91,66,8,86,56,63,50,30,57,86,8,6,60,64,84,57,23,72,65,63
75,15,43,20,65,90,55,84,30,68,68,7,15,11,86,87,20,33,62,39,13,77,55,86,7,21,87,19,43,21,21,31,80,76,17,28,20,2,8,99,70,83,3,84,19,61,54,63,15,35,55,11,8,32,91,37,93,69,10,35,14
52,82,32,51,11,98,89,69,8,26,11,67,25,76,79,10,60,84,31,13,14,47,9,53,35,6,8,26,64,86,12,3,73,1,54,65,63,98,36,9,86,91,22,71,73,6,95,29,49,85,80,61,72,50,5,68,53,8,32,80,64
16,4,69,80,42,78,19,23,6,7,32,75,97,11,39,56,97,67,41,83,1,7,9,13,44,10,8,76,96,1,63,91,12,25,95,56,12,78,65,12,18,24,3,21,1,85,58,7,4,1,54,90,1,96,32,53,44,40,23,56,19
82,56,20,12,53,51,52,6,82,75,65,96,37,5,95,46,43,13,46,32,25,96,84,70,91,40,86,98,36,34,2,78,9,2,75,84,82,34,57,72,58,4,59,40,84,69,86,50,45,4,50,32,93,16,65,86,48,3,73,24,39
42,41,83,82,5,8,27,86,76,62,85,52,66,19,79,71,24,2,33,36,65,18,9,57,24,72,19,74,88,61,70,94,64,65,88,23,59,41,51,52,12,38,71,49,1,60,31,75,78,59,9,83,62,43,26,81,62,41,96,49,23
75,45,50,55,17,87,96,32,39,22,31,48,16,73,89,42,7,19,56,52,73,91,13,47,24,31,44,59,45,26,12,48,5,5,93,43,26,72,99,42,32,3,49,49,65,49,92,50,37,23,17,78,7,54,24,95,49,67,71,48,16
80,23,49,27,91,26,97,98,53,61,77,25,61,56,90,90,15,74,8,15,94,87,2,45,30,61,4,18,54,91,11,12,76,71,74,91,4,81,61,44,14,67,23,22,5,4,31,46,82,66,24,12,17,79,88,14,31,97,51,62,17
62,29,92,26,48,14,47,90,14,10,87,12,97,77,11,35,63,76,73,25,81,78,94,63,18,44,32,92,61,57,98,17,5,64,28,63,47,32,6,66,42,46,69,60,78,83,70,72,35,13,66,15,87,81,85,82,85,83,71,57,24
67,6,20,19,51,70,6,1,70,24,56,63,27,57,79,59,28,46,74,94,44,40,74,77,29,78,28,2,47,39,80,64,46,21,62,78,94,82,77,31,31,16,75,30,2,87,53,15,81,55,85,57,2,63,94,65,70,46,31,41,14
60,14,73,64,31,47,98,78,70,27,36,34,79,76,58,62,26,64,26,65,19,9,84,70,91,85,95,75,36,8,57,97,29,53,24,45,90,68,93,60,94,54,32,90,32,49,4,68,51,38,40,9,43,51,34,5,26,19,31,70,74
20,55,8,35,67,74,41,63,55,10,96,25,23,50,5,25,86,8,23,75,12,70,68,3,92,52,36,5,42,35,85,3,31,41,85,35,58,38,10,68,43,60,82,64,73,80,11,86,78,51,12,82,16,46,55,97,9,2,28,6,5
9,71,6,44,39,15,26,41,78,6,28,37,88,14,12,35,3,5,77,2,45,5,86,90,52,39,66,74,88,83,99,84,2,4,59,40,6,23,51,33,22,38,22,20,68,17,37,93,98,64,61,79,48,46,77,4,33,98,33,49,3
23,10,67,87,25,26,17,59,42,96,82,27,1,85,41,26,19,79,25,63,92,96,78,86,48,45,18,8,2,45,6,88,48,63,39,29,85,5,34,29,6,34,71,12,83,73,8,27,10,46,30,89,68,71,49,97,37,75,13,78,60
64,66,28,19,44,85,35,59,49,64,64,50,62,63,93,67,1,63,54,19,71,9,65,45,2,27,52,52,44,53,53,37,86,6,38,48,14,68,32,80,70,83,16,36,74,59,71,49,56,72,47,16,45,82,20,50,87,48,66,85,81
50,94,63,91,95,51,6,87,10,72,46,23,34,68,67,63,19,80,78,75,52,71,58,93,96,40,91,51,83,23,31,65,15,4,3,78,78,29,88,42,75,98,39,18,85,22,21,80,98,2,91,21,70,45,35,13,82,78,33,37,75
37,22,86,53,38,41,76,91,83,7,28,68,70,75,13,75,59,30,89,83,43,17,13,53,28,49,16,69,39,67,97,40,1,46,6,96,45,53,97,64,1,92,78,50,3,49,79,55,28,92,24,88,90,70,33,23,9,9,58,59,89
27,65,79,54,30,40,30,20,25,13,6,74,65,2,48,96,28,11,61,76,96,61,92,89,84,68,24,55,43,25,2,71,5,28,92,28,73,26,94,7,56,78,64,14,82,96,98,37,94,15,42,58,44,3,25,67,67,32,62,69,69
27,19,44,4,92,14,96,4,15,98,51,3,41,44,22,99,43,75,33,23,71,7,46,69,16,77,27,82,23,73,67,50,26,32,31,45,52,51,96,87,38,29,55,73,14,58,43,41,44,81,98,13,12,58,67,41,11,7,40,86,98
6,7,86,31,93,28,42,19,75,44,19,80,71,13,27,40,72,79,37,63,13,52,12,14,21,87,67,35,39,4,44,38,38,36,67,72,20,15,70,86,95,66,96,33,97,33,12,95,7,73,94,95,72,69,40,32,55,67,25,98,9
12,14,22,83,71,21,23,71,9,27,38,48,8,29,34,49,12,38,59,30,17,64,57,72,46,5,59,96,24,92,70,90,76,28,11,71,64,95,49,57,33,53,65,11,66,4,64,54,38,64,32,42,27,85,28,27,99,21,17,17,4
72,10,36,59,36,26,53,25,92,72,59,67,50,57,17,51,73,8,14,93,7,71,13,53,31,68,21,34,1,16,57,40,48,16,58,3,43,77,98,91,56,54,72,12,95,58,54,23,42,45,1,35,88,66,98,40,2,44,19,89,24
87,6,69,56,28,48,97,32,6,97,92,86,51,16,64,53,82,68,41,24,9,53,89,10,74,53,14,17,43,83,13,72,48,68,83,81,67,14,84,21,42,95,26,64,93,52,68,2,89,91,32,16,71,34,82,23,49,41,57,17,77
82,54,90,48,19,66,99,34,60,97,53,82,22,27,13,63,24,93,13,81,73,71,22,62,43,18,60,71,39,86,37,35,32,78,81,45,83,51,18,25,20,71,36,52,92,21,23,98,88,66,38,66,33,96,80,71,69,42,41,17,36
19,16,79,97,66,78,92,45,98,64,88,58,97,89,27,74,55,62,26,22,18,86,12,60,29,26,9,2,44,43,30,72,97,25,62,2,7,98,50,70,10,79,8,80,55,50,93,41,41,52,63,43,11,14,96,55,84,33,3,69,35
10,42,76,67,3,57,82,83,29,57,10,67,12,36,82,51,10,22,99,65,37,58,19,86,60,60,81,24,23,93,98,59,69,83,23,18,13,39,39,50,39,66,48,43,88,64,2,37,80,21,38,67,40,18,37,37,78,76,66,1,56
34,81,27,11,83,57,77,29,28,23,22,36,93,22,56,61,12,26,14,60,14,86,87,73,33,81,40,51,62,37,42,94,72,47,22,25,59,40,79,2,64,33,82,2,22,14,65,95,25,43,29,57,58,61,71,47,22,23,47,64,67
63,81,28,21,68,57,10,71,89,3,31,12,63,3,44,71,57,34,93,26,18,62,69,77,12,24,63,36,96,42,93,87,78,64,77,20,43,5,17,99,95,95,43,57,68,34,90,91,13,42,24,91,49,50,56,51,34,30,70,50,99
31,4,25,82,92,75,41,20,44,70,48,22,27,42,22,27,38,48,37,37,74,98,77,26,17,7,85,20,97,75,12,97,65,96,98,20,63,63,18,77,62,6,71,80,87,80,44,26,50,53,92,48,19,90,82,55,7,85,67,76,41
44,9,93,61,56,59,66,52,78,92,20,78,27,80,2,68,77,15,93,18,69,6,16,76,27,80,1,43,69,65,76,75,49,75,46,39,29,53,59,61,33,54,8,41,54,15,23,81,58,88,51,51,10,61,5,33,83,80,41,60,8
83,16,80,64,9,22,27,7,54,55,82,31,59,78,92,33,5,72,22,57,76,76,69,43,47,54,88,93,28,22,40,4,24,26,60,20,31,34,91,21,34,81,96,99,36,20,45,32,84,55,34,25,50,5,41,95,74,2,93,76,58
20,24,7,77,73,46,27,98,86,91,88,51,55,10,89,81,51,75,17,29,54,59,5,32,18,35,86,6,86,57,24,69,68,46,58,74,17,74,88,94,97,35,16,6,35,11,80,75,31,41,34,97,6,25,96,31,4,72,5,94,32
23,73,65,4,3,18,75,20,6,1,76,7,34,50,37,91,39,73,96,90,86,64,87,59,54,58,14,17,41,13,3,95,90,25,64,65,96,82,49,8,90,24,92,27,85,58,71,24,88,40,71,40,70,21,72,77,50,9,44,70,61
86,20,71,84,32,25,26,98,95,94,94,29,57,3,25,29,79,52,59,71,99,2,48,49,91,57,79,69,10,1,90,71,36,43,56,96,87,79,24,35,87,90,22,42,50,74,11,22,59,1,90,52,29,79,65,78,60,37,26,55,83
16,86,41,21,18,86,85,53,26,45,91,32,23,56,92,73,50,18,54,78,99,78,57,63,82,58,4,95,12,18,86,25,53,76,84,88,66,12,56,22,11,1,85,27,59,66,86,22,25,40,96,66,4,87,3,81,76,42,20,11,57
84,80,2,28,22,78,51,74,34,32,66,27,37,75,51,81,20,61,49,20,89,15,23,83,11,40,36,22,75,13,13,36,1,78,40,75,36,88,3,21,96,88,62,70,59,52,79,4,93,34,14,62,81,54,6,93,10,46,7,85,57
40,40,12,58,31,14,13,66,89,76,5,6,34,8,64,6,72,34,48,62,80,13,44,25,46,30,37,4,7,60,25,38,95,39,74,6,25,81,75,75,20,35,56,8,11,2,38,69,64,77,9,52,3,70,2,13,61,4,43,43,13
15,99,84,86,57,56,26,33,58,35,57,52,55,79,92,35,33,66,51,22,98,4,2,5,70,56,12,37,24,63,23,45,27,74,2,91,45,4,14,30,50,78,86,61,87,56,30,32,80,15,90,23,73,90,87,15,28,18,61,7,68
82,84,18,31,14,49,30,36,20,22,55,96,42,58,11,41,34,88,95,92,60,43,42,40,20,10,49,57,53,94,55,40,81,32,77,83,20,36,79,68,63,34,53,93,98,82,36,61,90,10,81,73,15,65,69,34,55,21,4,53,50
6,93,83,63,15,13,63,65,21,10,2,20,29,88,70,65,5,32,16,8,47,56,2,51,7,66,17,92,82,7,12,31,6,48,92,82,43,35,32,25,12,7,31,22,6,72,43,2,85,83,8,59,56,79,66,77,69,36,98,24,78
74,62,59,78,7,13,57,57,71,22,81,26,48,25,29,32,94,58,72,39,94,83,77,43,41,85,75,33,46,36,86,64,51,41,38,11,71,49,57,25,34,49,16,93,6,70,89,68,40,6,5,57,31,31,73,59,12,57,12,79,19
8,35,50,31,98,60,7,97,10,57,20,41,16,77,54,40,91,78,23,87,79,46,81,20,96,92,20,7,47,1,48,38,35,57,91,35,64,34,46,23,28,45,75,27,77,85,22,83,52,58,93,1,95,7,57,87,1,39,74,93,64
5,81,14,42,87,63,74,23,90,15,68,84,66,45,4,28,99,28,76,52,99,87,99,20,10,40,1,4,77,8,3,94,86,10,54,66,3,59,89,67,46,53,14,8,39,47,74,72,42,54,39,15,54,79,59,62,18,5,62,85,61
41,70,90,35,69,98,61,44,39,41,12,35,72,34,30,77,44,55,14,10,43,45,46,86,21,74,83,90,3,99,84,76,15,82,90,87,8,95,12,33,32,84,43,14,72,71,69,47,71,30,43,96,65,82,59,9,4,27,7,71,9
27,49,6,2,70,5,79,95,64,2,57,88,38,43,55,53,7,16,69,1,55,24,35,29,54,46,8,87,80,48,42,63,25,16,52,97,16,75,63,3,25,14,64,75,18,25,67,94,10,97,51,54,33,71,30,28,94,72,43,67,85
14,29,33,33,24,98,63,48,54,37,17,80,33,76,99,55,48,50,48,47,23,2,22,43,69,87,96,61,94,80,93,29,7,67,76,53,3,40,65,20,98,79,72,70,93,5,28,96,81,83,81,22,13,46,3,36,16,70,57,56,60
87,7,52,51,99,64,81,9,41,28,82,77,79,86,16,66,3,77,61,99,41,92,65,87,72,41,98,10,11,76,46,89,63,94,53,73,82,24,15,48,37,47,94,21,58,19,81,80,62,70,67,39,4,66,80,29,51,5,80,26,60
10,61,8,15,33,56,54,99,12,21,30,30,16,43,49,99,24,8,92,26,11,20,1,27,18,85,43,78,79,10,19,97,85,85,31,86,47,54,1,16,36,89,22,75,77,97,84,79,49,39,5,4,51,47,21,38,9,69,56,26,7
26,2,47,94,21,10,97,82,70,54,16,88,17,80,80,35,93,29,87,15,87,92,93,43,63,26,43,18,44,71,10,18,88,81,81,26,63,33,85,56,29,39,42,24,37,82,82,95,82,23,58,50,78,28,64,68,12,58,93,69,52
91,63,43,52,44,54,16,27,13,71,97,91,5,70,45,52,15,39,90,65,79,46,32,8,67,35,3,4,82,26,1,5,87,33,36,21,9,18,54,84,70,90,70,63,26,37,61,48,12,84,51,57,63,17,34,5,55,33,78,41,21
62,9,76,99,65,19,93,28,19,43,77,76,43,98,40,1,50,16,48,39,56,11,63,78,78,28,70,2,54,20,1,37,53,25,74,74,79,77,83,7,72,91,19,80,24,57,48,47,78,14,57,16,49,8,97,94,70,92,59,28,51

The initial sequence dependent setup time of each job processed on machine 2.
(Where rows denote jobs: 1 to 60 and columns denote jobs: 0 to 60.For example:The value of Sijk is in row j,column i+1.)
86,85,52,97,66,9,93,65,98,4,85,34,20,75,93,77,61,55,49,50,85,56,95,87,90,96,59,59,83,70,46,60,47,1,44,56,44,49,71,42,71,67,34,19,45,75,72,41,63,41,21,7,25,46,5,2,2,89,94,91,94
21,79,99,48,75,24,13,21,43,74,67,70,77,83,60,39,72,19,24,56,74,29,18,27,93,83,90,18,4,5,61,64,50,85,75,86,53,48,86,68,66,88,75,71,90,48,63,70,71,6,76,16,81,27,35,99,87,55,74,87,5
13,23,45,67,62,46,59,63,27,19,57,15,16,89,83,25,90,9,37,79,53,17,87,75,7,87,13,58,35,48,88,73,39,81,38,36,22,36,31,84,61,54,1,68,36,70,3,3,72,34,58,6,84,23,84,87,16,87,84,16,1
95,86,50,26,38,67,29,80,91,31,90,19,31,97,66,16,99,50,81,60,61,36,48,68,65,27,41,60,82,98,51,6,56,7,10,74,34,48,90,32,32,38,90,11,79,70,67,81,61,55,37,8,33,73,28,13,19,40,61,23,57
33,65,85,40,44,90,86,91,74,59,56,85,82,32,36,47,35,31,25,63,43,65,32,42,78,18,49,87,36,91,88,12,4,52,83,1,53,67,82,27,30,1,39,2,33,2,17,34,37,64,43,83,35,35,84,96,24,96,17,77,95
10,69,9,21,95,61,58,82,44,46,15,17,74,44,37,17,69,2,25,42,54,11,69,34,32,93,91,95,43,23,82,19,21,53,3,40,78,80,33,54,28,65,98,89,35,55,17,62,65,89,98,26,90,5,86,47,2,57,12,47,54
8,37,89,35,72,56,46,12,40,22,82,5,29,82,38,51,93,67,24,16,63,80,14,99,77,47,58,43,43,33,95,31,7,56,72,27,61,89,14,8,11,27,73,54,84,26,29,41,69,70,10,23,8,1,48,57,6,67,32,48,99
77,94,82,95,30,5,69,77,79,75,96,17,70,11,30,37,22,52,6,60,9,15,94,32,44,29,66,95,54,20,75,62,81,6,38,51,70,34,98,44,88,24,84,19,98,86,96,6,74,9,45,93,97,32,56,1,90,72,74,7,52
20,57,8,66,53,15,56,54,50,67,69,52,92,86,47,16,65,69,34,62,2,44,16,34,7,9,47,14,87,24,67,45,33,7,8,83,25,87,17,28,66,9,32,85,82,93,87,32,49,52,34,96,31,77,91,74,5,94,90,41,14
74,27,54,62,93,27,6,93,6,39,33,71,52,53,2,62,26,60,15,52,9,26,25,24,99,13,26,89,45,12,27,43,86,89,98,12,9,62,71,97,56,15,82,66,40,5,25,4,41,81,25,78,71,31,52,59,38,3,47,24,52
37,71,87,8,15,89,2,76,88,30,45,31,97,13,66,35,21,27,14,48,86,18,92,97,40,49,95,31,15,83,27,93,45,28,14,68,25,3,83,39,82,33,94,99,75,3,10,3,54,47,75,65,79,90,73,93,19,14,27,39,69
61,30,52,47,94,36,6,25,44,60,6,99,45,6,84,90,35,3,47,84,99,50,91,21,99,74,29,43,16,48,78,85,86,88,79,36,92,58,80,88,68,56,94,64,71,54,20,18,19,63,87,83,10,77,86,46,84,32,5,90,45
93,43,26,16,34,30,62,31,99,20,6,74,81,43,1,43,44,55,41,33,83,73,40,49,27,64,4,8,91,31,80,92,40,55,67,97,49,75,92,87,36,50,50,35,81,34,82,73,19,70,23,55,42,35,56,51,42,37,91,85,10
53,13,45,36,47,48,39,14,21,86,65,42,4,75,32,53,76,53,15,96,87,34,58,35,47,19,75,78,62,70,43,85,24,2,23,16,48,3,99,33,49,83,68,95,51,25,68,57,29,24,36,55,66,71,92,94,73,88,67,51,2
47,6,76,18,92,33,46,20,81,34,40,49,3,42,3,12,68,15,33,57,69,47,53,60,30,97,32,35,2,80,56,77,90,68,81,61,3,20,27,22,21,44,42,47,47,20,81,36,17,48,12,35,24,36,78,85,38,90,87,38,52
55,60,40,2,14,25,27,36,67,5,75,59,46,99,9,84,71,49,67,71,30,2,51,89,98,2,92,94,76,73,18,24,45,29,5,90,12,36,6,72,31,45,33,35,3,11,72,34,11,32,56,68,55,13,38,74,8,46,95,48,12
62,44,22,74,77,15,85,21,96,88,55,56,60,16,65,1,8,99,6,3,16,19,13,10,73,50,73,65,11,74,62,65,9,97,24,48,17,9,32,74,83,50,57,43,91,12,87,89,11,70,47,17,13,60,75,19,8,10,79,91,40
56,68,35,83,26,69,7,69,59,52,71,27,74,53,70,46,21,96,92,99,98,96,62,71,48,41,42,11,75,22,2,1,36,37,62,14,33,87,18,44,49,5,35,7,45,75,2,45,88,63,89,18,13,97,53,23,76,51,94,89,78
86,72,67,60,55,89,14,8,90,96,88,30,40,10,24,3,20,4,98,48,7,15,93,81,29,78,36,33,73,32,12,40,3,17,77,58,93,38,29,24,88,73,50,57,35,97,19,43,5,30,74,23,30,44,56,17,98,85,95,19,48
18,25,15,68,80,95,14,89,2,36,76,94,61,9,56,52,55,91,75,16,96,73,70,65,67,84,90,55,68,55,75,90,97,76,80,48,9,86,28,57,54,93,90,40,65,27,20,27,7,44,89,75,27,26,98,36,52,4,60,96,93
57,87,20,18,88,90,94,68,98,71,82,78,24,55,96,39,35,37,78,81,44,38,44,53,9,16,49,62,39,59,99,59,45,64,87,45,76,98,54,63,3,60,21,53,15,29,55,85,85,51,71,50,1,16,61,58,91,39,87,91,40
81,6,67,45,52,21,75,22,81,83,1,44,23,24,29,81,30,93,58,32,30,38,48,19,95,41,22,36,2,88,14,63,90,81,31,48,65,2,5,68,60,88,58,96,78,3,24,79,88,89,50,75,80,22,85,39,90,95,79,49,79
79,5,84,75,4,86,41,33,94,1,9,15,64,77,82,74,78,63,21,21,69,72,88,26,84,22,13,67,82,12,54,43,51,84,47,12,49,60,19,80,17,76,4,13,37,36,64,32,7,86,95,12,78,37,82,10,96,82,75,26,12
29,91,41,93,51,84,58,60,73,74,69,89,2,79,45,78,62,21,65,44,32,13,90,88,27,23,33,35,77,34,22,35,83,88,15,92,38,58,49,77,11,45,99,10,43,74,85,56,72,22,98,9,54,33,68,62,46,13,9,7,7
79,47,97,52,10,97,13,1,81,94,61,29,35,65,15,91,86,29,21,13,12,19,37,64,6,50,64,3,30,34,65,41,86,13,22,18,6,65,87,41,17,28,88,38,56,17,60,17,71,33,6,76,36,78,35,93,55,32,38,25,4
12,13,19,59,82,96,41,29,81,48,7,71,4,79,34,12,75,29,20,16,12,1,31,95,3,57,38,61,16,69,40,10,44,94,91,73,15,43,7,92,5,95,20,11,92,82,95,89,68,48,64,80,55,7,97,20,5,28,10,66,42
1,72,68,24,87,88,22,97,78,25,20,50,87,24,13,30,50,13,40,44,51,16,41,19,26,6,80,83,77,47,14,2,12,3,91,49,91,81,73,32,23,53,85,55,88,40,97,4,10,64,8,95,17,12,66,89,9,66,47,43,21
86,9,14,51,35,83,93,17,66,87,76,58,54,72,50,31,21,14,73,98,24,18,80,56,47,23,75,20,27,55,45,39,64,2,84,63,9,29,52,51,43,21,33,21,80,68,1,36,50,36,48,79,17,12,54,3,89,90,72,52,54
45,61,52,6,71,26,42,30,8,70,87,23,51,64,17,20,21,22,67,15,82,81,5,23,2,57,69,31,57,96,61,50,49,32,37,39,95,73,62,61,4,9,97,11,23,80,35,27,39,40,87,31,11,32,8,69,44,92,53,55,47
61,99,61,96,67,8,2,98,24,3,51,85,8,67,39,57,27,24,33,69,82,90,24,31,35,93,34,4,14,49,63,3,98,95,62,15,33,7,64,20,97,69,51,70,16,92,32,50,28,55,15,13,25,64,91,9,13,49,70,85,75
71,74,65,24,78,45,67,98,74,58,32,31,37,49,3,39,13,73,30,6,77,86,79,62,64,52,33,86,61,7,11,37,1,86,74,88,94,2,48,9,96,84,83,29,50,67,82,73,28,86,96,14,19,33,38,65,34,45,32,4,13
3,19,55,60,44,9,45,36,64,75,41,53,40,60,63,63,20,29,6,28,10,55,61,44,68,2,89,25,41,84,9,29,80,46,10,68,44,25,53,37,27,74,74,69,4,12,5,78,91,37,84,91,24,30,55,33,55,29,96,99,17
59,9,58,61,57,14,51,38,18,94,28,37,10,52,74,68,76,19,68,87,37,76,68,45,54,10,71,99,48,14,94,97,3,91,24,58,18,54,42,36,88,84,98,69,10,10,8,97,40,29,48,61,58,59,52,26,28,79,19,77,12
81,40,42,11,86,15,35,43,70,45,23,20,78,66,43,25,99,42,71,8,8,2,94,37,36,21,12,14,69,43,65,26,33,51,68,91,18,79,9,9,39,17,45,56,45,90,77,27,52,71,41,1,73,64,11,98,25,99,74,71,99
24,63,15,43,35,40,7,67,76,79,29,65,69,40,6,93,30,44,20,50,1,63,53,59,11,33,50,87,8,47,21,6,13,82,7,56,5,26,51,46,70,7,87,3,2,77,52,81,27,2,94,64,29,96,81,21,60,43,59,53,67
93,88,69,91,95,33,45,71,55,90,76,38,80,88,49,81,56,77,73,93,53,56,9,69,10,51,81,15,76,8,86,43,16,80,87,71,58,48,81,86,32,4,21,27,28,66,78,95,64,38,44,28,15,34,16,17,73,98,47,72,50
52,24,89,80,37,43,61,56,73,34,99,32,68,13,40,58,67,47,35,50,12,71,12,98,28,49,16,77,74,8,42,95,77,20,97,68,27,24,4,89,73,49,95,4,83,39,53,79,86,83,51,22,58,25,22,40,65,51,79,28,64
77,92,74,69,44,3,61,38,4,34,43,13,43,51,42,14,90,60,91,87,75,10,24,85,11,6,96,40,63,85,97,54,46,33,27,93,43,25,5,81,27,3,89,86,28,43,34,96,91,50,49,75,38,67,20,41,39,50,35,58,47
37,8,46,61,95,3,99,5,64,89,4,18,38,8,47,15,78,2,1,61,98,59,26,3,94,42,26,75,77,14,73,20,83,58,55,51,42,95,14,83,33,5,90,63,71,64,66,14,27,41,39,93,60,87,40,77,8,92,26,13,57
13,75,58,95,72,87,8,38,82,52,48,87,59,21,76,15,38,44,65,83,89,60,16,52,91,13,35,27,79,46,6,81,35,67,16,52,92,31,20,84,85,43,71,84,42,5,66,18,70,81,88,44,36,6,57,30,96,55,54,39,64
75,2,81,26,93,6,58,22,93,7,2,59,68,39,52,2,14,17,73,35,78,6,13,10,3,44,77,31,99,72,1,94,52,3,13,60,61,7,14,8,75,62,79,91,87,75,58,87,27,34,84,13,66,46,57,50,44,7,92,62,13
30,63,74,54,66,50,80,21,17,9,93,39,13,74,37,29,18,98,88,24,4,94,6,57,83,63,24,41,87,21,8,7,98,80,89,28,56,31,22,19,13,6,70,77,5,8,69,68,30,74,12,47,63,69,8,70,89,10,58,55,73
75,67,80,63,97,57,90,97,52,50,75,34,9,42,16,20,37,55,40,58,25,4,76,28,96,41,50,55,19,79,78,75,86,99,6,61,9,98,57,14,71,15,55,6,49,66,25,69,60,48,79,71,97,80,31,55,54,26,31,53,5
20,26,29,56,50,2,33,89,36,66,41,8,78,12,52,84,77,89,83,10,1,24,6,62,44,35,84,95,69,43,85,52,71,43,33,58,32,42,55,79,5,93,32,42,95,76,66,22,14,17,61,96,82,90,48,13,54,51,49,61,82
15,46,58,74,78,7,51,63,55,74,59,2,52,61,88,33,33,68,70,8,11,31,17,4,99,58,71,91,48,72,42,1,8,75,23,51,26,31,62,60,30,47,31,23,55,6,84,3,26,56,87,61,2,76,53,63,89,29,49,83,17
56,50,4,11,36,7,21,5,32,58,69,23,72,72,26,13,17,3,90,96,39,94,50,76,45,64,15,5,68,9,71,82,87,34,45,65,19,89,42,20,83,63,1,69,12,32,39,27,53,69,40,60,17,68,82,18,72,10,24,87,75
90,35,6,91,39,51,82,2,3,2,11,93,51,69,70,36,12,7,99,47,15,48,46,67,17,24,27,54,41,21,36,74,91,57,47,99,29,76,20,88,31,70,40,83,24,82,81,84,67,92,15,55,30,53,77,79,40,68,75,84,24
91,64,52,84,25,9,67,5,30,24,66,85,58,44,76,53,40,94,9,89,29,86,11,45,55,65,61,64,34,52,29,65,15,51,98,89,22,35,22,99,41,89,46,60,50,90,37,56,33,96,74,88,68,37,26,73,3,7,18,92,95
8,55,67,63,75,27,44,10,45,40,5,46,97,57,5,13,82,94,87,61,26,3,15,80,46,19,43,54,93,30,2,35,90,29,17,57,8,40,52,70,31,42,45,34,39,68,45,53,70,64,43,86,18,82,82,98,38,56,7,56,96
6,31,73,52,55,55,2,1,42,86,78,38,74,5,91,78,34,20,94,99,13,5,6,28,32,77,1,49,95,55,22,52,67,62,82,68,42,80,3,30,41,23,70,15,16,10,38,2,10,96,40,10,36,37,81,76,65,98,88,85,91
51,90,96,17,7,30,32,96,72,8,14,7,53,11,96,81,43,14,35,34,89,32,19,38,62,16,10,57,3,80,7,91,81,27,63,88,48,26,46,50,51,57,24,66,37,88,81,29,99,13,87,25,57,12,11,9,19,47,20,65,65
84,5,5,8,83,43,4,57,88,54,83,91,62,62,71,84,55,12,65,94,49,87,61,4,62,97,19,56,35,67,81,88,25,39,43,30,98,42,58,94,73,81,32,69,47,44,97,77,6,82,77,34,57,76,26,16,80,96,60,2,20
66,28,3,23,52,17,24,86,96,29,60,55,8,41,68,23,8,43,72,13,43,44,16,10,88,25,20,9,44,72,86,67,44,79,29,40,81,75,81,76,24,46,74,27,24,91,50,88,20,27,39,21,49,24,7,20,86,10,85,64,12
62,48,31,56,13,71,26,56,70,80,58,39,93,39,67,3,34,65,80,70,16,8,91,63,95,7,21,80,19,42,35,38,68,25,60,48,40,31,55,63,25,46,82,2,93,8,34,60,53,2,33,23,41,29,56,53,24,13,96,36,14
91,57,60,41,5,63,42,42,32,96,90,83,96,49,91,35,84,40,69,90,30,24,89,49,22,43,64,42,24,87,22,91,1,20,99,23,89,73,91,13,25,56,32,90,26,72,99,68,16,90,62,76,54,73,59,7,15,83,95,49,88
19,1,35,74,46,53,35,91,45,67,48,58,39,74,93,4,9,28,6,27,64,41,74,80,84,31,55,82,8,41,17,37,93,16,16,96,1,66,32,80,43,96,79,13,55,61,43,78,77,97,17,47,24,62,81,88,64,8,75,57,77
44,55,96,16,50,80,11,23,77,26,27,76,88,55,68,72,6,57,26,45,39,4,91,43,41,72,94,41,80,92,38,65,49,83,12,29,93,36,25,67,7,18,50,95,71,37,76,47,21,8,82,7,76,24,61,8,96,82,18,60,85
11,48,94,36,49,62,7,24,16,39,84,60,66,57,31,55,18,95,27,54,72,58,60,11,74,90,36,59,1,32,22,45,94,37,26,40,89,65,8,96,45,14,54,31,12,26,31,63,13,99,37,61,19,67,71,38,36,36,16,2,9
79,35,25,64,90,61,13,71,31,40,74,98,49,86,48,63,43,13,23,68,85,97,9,70,58,85,55,31,42,54,26,65,68,29,28,39,52,80,31,29,79,22,12,46,58,73,19,7,37,99,64,96,74,50,10,67,91,99,16,43,6
95,40,76,26,97,51,86,1,85,24,80,49,48,96,67,40,78,38,28,82,17,16,5,4,22,8,39,90,81,42,62,20,82,58,12,88,81,20,90,44,24,90,96,8,5,62,98,12,43,48,63,47,25,32,49,94,88,21,63,32,65

The initial sequence dependent setup time of each job processed on machine 3.
(Where rows denote jobs: 1 to 60 and columns denote jobs: 0 to 60.For example:The value of Sijk is in row j,column i+1.)
66,99,57,64,42,33,22,59,15,56,86,53,4,8,49,50,68,25,30,93,36,40,86,52,58,81,45,92,30,91,34,55,46,17,17,82,90,19,96,33,65,3,43,67,74,94,35,72,52,1,48,79,60,2,95,37,77,25,40,42,98
60,30,93,58,55,55,8,85,7,76,60,24,59,17,62,36,5,85,4,97,2,88,77,52,63,54,19,31,4,58,61,23,63,72,29,36,83,82,31,16,72,38,22,5,7,38,86,77,52,45,86,9,92,82,85,24,52,32,48,10,59
39,30,12,50,93,78,51,61,16,69,18,17,35,36,37,34,72,41,88,44,31,91,87,43,59,63,34,24,39,89,15,58,41,20,70,93,5,63,15,65,31,5,52,59,32,55,44,94,50,5,22,53,29,1,92,24,8,35,90,42,52
22,71,30,54,7,80,85,98,3,19,35,89,63,89,37,27,29,45,10,19,98,26,13,44,21,49,48,71,15,73,87,55,58,88,82,68,86,85,94,83,68,82,48,16,76,84,89,76,51,11,41,35,88,89,64,35,9,60,4,43,9
43,56,99,68,56,60,60,97,37,98,94,42,18,50,92,74,13,58,55,57,15,34,78,18,83,79,83,77,98,52,83,59,72,84,79,12,34,13,70,21,2,11,39,89,4,86,47,26,23,53,22,89,99,6,3,85,52,46,91,85,32
42,57,3,50,39,68,42,3,68,41,45,37,77,89,48,89,42,17,50,17,21,76,85,99,85,94,70,65,43,3,1,39,89,97,33,28,25,99,63,45,16,6,34,55,37,90,45,37,25,49,15,11,71,13,75,34,4,35,26,89,63
23,59,24,34,65,71,2,38,72,63,92,61,1,56,63,41,37,14,82,7,23,39,25,81,66,85,87,74,72,73,93,24,44,3,60,37,82,84,93,19,53,2,38,56,85,32,49,94,57,58,17,69,83,69,8,77,48,67,88,40,14
79,91,7,9,10,64,85,23,57,69,46,25,23,18,4,26,37,4,20,5,60,25,81,29,77,4,27,55,63,19,25,80,11,88,95,79,46,52,73,10,42,31,78,50,72,15,99,18,80,34,71,90,76,14,71,50,84,26,78,3,30
30,22,53,24,41,46,19,49,14,29,9,27,22,18,43,33,5,65,26,9,21,96,86,57,79,16,71,99,96,96,95,47,14,40,77,47,55,33,69,88,60,21,46,50,13,26,18,83,88,20,61,99,89,40,50,84,39,34,36,43,57
44,37,74,27,52,50,97,47,8,66,59,47,2,41,51,60,68,94,56,40,67,8,46,28,44,42,56,91,66,56,9,85,75,48,26,30,3,18,80,55,39,66,6,39,92,79,46,48,60,10,5,72,47,88,85,95,45,77,22,69,12
85,59,7,38,36,28,86,76,96,82,20,68,8,57,35,86,8,67,4,39,87,51,33,4,63,49,9,34,53,84,43,7,54,64,51,98,83,27,58,4,17,87,20,13,18,92,11,98,9,40,42,15,55,94,18,10,75,44,59,7,42
55,80,29,13,40,56,6,98,52,60,35,37,31,38,32,20,22,68,96,41,87,72,37,12,62,51,89,82,26,36,99,88,21,59,88,93,43,61,2,77,42,85,81,50,98,24,51,16,35,65,21,90,93,60,8,97,80,19,63,29,37
53,11,26,44,98,18,27,50,94,24,10,69,45,26,45,6,62,5,55,69,4,2,95,48,30,44,65,31,25,39,85,65,62,9,54,53,73,82,90,58,19,24,53,85,1,81,48,16,19,85,38,93,74,17,1,48,2,78,64,32,7
87,30,13,6,46,89,55,70,43,95,22,40,92,75,56,50,84,24,99,31,49,68,20,71,3,84,23,78,70,46,76,37,99,72,86,21,40,51,29,60,74,32,72,63,87,67,77,80,69,61,67,85,30,37,98,83,67,62,6,52,92
96,23,27,32,71,79,66,1,28,11,8,91,37,65,41,33,68,76,85,21,64,13,58,52,92,69,27,45,37,99,36,47,39,61,99,76,27,47,80,79,2,75,72,27,89,8,11,18,68,95,84,95,37,84,70,76,46,7,32,65,55
21,64,32,91,3,22,20,21,84,95,93,76,8,13,71,51,58,52,81,52,14,52,97,70,7,2,36,98,6,24,10,46,38,8,69,14,90,32,34,85,76,18,72,48,29,15,17,54,87,42,4,18,74,44,18,18,21,68,70,60,21
33,20,23,8,20,29,59,28,25,70,49,12,40,68,4,90,27,57,46,62,10,81,94,90,95,50,66,22,23,17,63,24,17,97,64,43,71,83,67,38,25,14,51,14,40,86,55,16,12,84,90,7,54,6,40,6,33,35,16,44,87
53,38,39,99,59,49,53,58,4,94,31,92,31,51,76,59,94,84,24,5,43,8,93,51,86,36,75,91,95,56,21,34,81,84,62,72,72,64,84,92,15,39,63,76,17,65,42,16,32,17,86,19,4,7,25,13,62,36,23,61,22
62,30,56,95,75,65,61,77,44,32,12,38,55,6,6,65,59,51,4,33,49,18,15,25,10,65,72,96,99,55,69,6,82,50,56,68,99,63,88,94,96,11,46,66,47,64,43,38,72,65,52,58,72,32,85,6,88,48,35,32,23
82,31,1,68,22,3,12,6,15,61,33,99,88,93,70,78,18,54,73,96,3,62,41,31,38,48,43,31,45,5,96,97,60,38,77,1,53,29,25,21,99,99,70,7,97,42,7,15,85,73,15,28,6,6,87,37,28,98,34,6,55
52,80,83,43,93,54,68,81,56,53,55,21,22,69,15,85,83,96,1,80,62,26,29,6,25,20,86,54,15,43,25,46,60,38,66,74,87,69,57,27,91,53,58,54,93,17,69,81,49,7,86,46,50,1,26,8,51,97,41,19,50
49,76,50,7,46,63,46,80,83,52,78,13,24,16,93,67,32,15,86,96,33,12,97,97,66,69,4,82,12,31,44,42,39,22,24,74,15,48,51,78,22,34,19,55,15,94,74,96,12,46,44,87,39,76,41,55,91,11,39,81,70
33,11,87,42,68,27,14,22,5,46,16,39,91,25,50,61,88,9,5,45,51,6,42,20,56,55,32,12,82,14,80,81,40,70,78,66,44,96,82,13,42,25,70,65,38,60,4,32,66,62,92,34,82,99,94,87,71,22,65,77,39
70,47,31,24,59,86,20,42,81,20,88,40,29,83,58,28,2,59,43,90,68,51,82,37,9,74,12,11,72,73,43,93,31,86,20,18,15,92,57,6,7,22,20,13,37,72,59,2,77,7,65,69,16,48,75,92,15,14,47,63,78
38,53,78,39,66,2,7,24,94,40,80,99,18,89,63,48,4,87,79,44,70,98,64,24,37,20,41,3,15,95,82,34,56,16,94,54,53,41,75,42,9,13,34,45,54,94,80,3,42,42,88,10,93,10,19,96,6,50,16,69,50
92,15,99,16,32,2,38,40,37,55,22,79,56,69,74,24,77,94,24,4,61,72,51,78,32,4,44,55,38,77,86,50,89,52,9,15,82,55,64,44,72,18,2,41,38,95,16,16,53,45,3,63,17,26,9,95,88,42,77,64,72
80,38,97,78,19,10,27,41,33,95,74,57,23,95,14,99,53,39,13,67,34,17,93,24,53,77,54,22,10,33,49,81,51,99,5,35,97,45,73,38,68,74,76,60,69,80,73,84,29,78,88,69,47,91,38,43,6,36,35,60,95
99,19,99,70,3,23,93,18,56,44,65,21,33,60,99,79,28,87,84,95,76,1,23,75,51,52,16,30,30,22,73,17,39,92,4,7,66,28,41,79,53,4,77,50,45,72,57,8,40,84,69,52,88,26,10,63,84,67,49,5,62
6,98,33,43,14,95,57,12,76,87,83,21,40,29,20,39,41,44,14,27,29,6,92,2,91,13,15,96,27,36,4,86,77,73,27,96,48,46,18,48,74,36,9,60,39,17,26,88,10,94,52,57,44,36,96,93,55,63,44,11,17
18,67,38,18,28,57,77,39,91,31,26,85,23,49,87,21,44,41,97,64,71,76,95,19,61,94,14,44,73,10,23,44,83,88,66,89,90,13,37,33,51,51,10,34,14,30,69,56,66,88,68,59,38,49,1,52,7,61,33,14,44
63,96,13,60,46,8,7,50,36,28,45,11,90,21,8,37,25,55,45,53,85,65,71,15,22,86,96,74,9,29,98,45,6,16,23,45,52,7,57,15,50,41,82,25,18,57,58,91,65,72,41,38,1,33,38,78,12,24,36,13,46
57,29,88,93,88,81,17,92,5,75,75,58,62,76,10,31,26,37,3,7,76,31,38,96,64,45,6,5,40,6,1,63,4,82,85,96,94,33,53,19,37,28,34,51,26,48,52,18,89,72,56,9,67,63,57,61,29,64,55,6,50
54,47,87,72,11,16,5,33,31,71,23,57,44,90,44,73,15,86,86,82,70,36,89,86,58,19,11,57,58,23,32,95,33,98,39,11,39,89,6,73,63,56,74,32,24,38,80,37,24,11,89,17,78,26,74,12,41,73,94,60,66
97,27,42,33,9,38,66,2,25,65,88,34,41,19,80,91,26,3,50,45,84,46,7,15,13,90,78,4,20,69,51,19,4,90,86,96,59,66,68,86,87,18,42,97,16,53,54,14,10,52,73,23,99,44,45,6,68,92,94,19,1
67,94,79,63,36,72,5,10,91,42,73,41,23,52,56,68,14,4,80,53,6,40,62,32,76,42,4,81,24,90,32,58,57,88,14,26,42,3,79,62,32,49,81,3,58,45,12,49,24,49,39,50,37,27,96,83,2,8,96,93,58
96,38,31,41,73,46,59,10,55,22,94,28,70,7,14,56,5,57,74,44,2,84,40,19,31,25,31,7,4,89,63,28,62,96,64,26,43,43,80,63,39,27,94,82,73,9,46,94,86,32,13,61,40,17,70,7,73,44,83,2,70
31,26,35,21,36,45,76,24,21,1,12,41,12,82,16,44,63,70,37,54,86,6,38,69,79,39,74,40,14,53,90,27,59,2,8,63,75,63,50,70,43,18,99,68,91,75,63,79,15,22,91,87,63,55,95,49,10,12,10,80,79
39,36,93,7,47,75,20,40,23,67,79,83,1,40,8,51,97,77,82,42,22,23,81,38,90,56,95,34,13,62,27,53,96,57,48,68,81,68,32,69,31,72,87,48,68,87,88,40,38,20,18,40,86,8,5,48,10,12,82,72,43
27,69,15,77,62,51,70,33,93,35,14,40,39,74,41,82,83,90,50,94,44,79,15,4,10,44,53,14,86,69,58,37,9,52,59,56,39,31,92,15,83,77,64,65,21,30,43,40,23,37,32,35,2,57,62,53,50,20,15,55,1
93,57,1,56,46,94,14,39,62,46,51,49,17,79,62,5,11,4,75,5,3,57,38,1,57,35,18,49,47,17,12,44,38,67,59,94,71,73,55,72,94,81,27,26,15,29,79,47,21,9,26,75,42,75,87,61,77,8,53,73,22
30,47,67,16,33,42,17,33,22,39,17,15,29,43,50,47,22,62,23,22,4,50,1,6,69,47,81,27,45,56,38,82,57,76,49,91,25,24,52,64,34,88,73,62,59,27,87,4,85,49,40,2,53,89,98,27,98,50,44,32,10
5,17,85,59,73,8,11,44,93,43,91,39,14,39,65,28,15,56,9,67,29,34,25,37,98,29,28,99,74,92,19,33,98,97,45,66,74,15,76,15,83,88,38,50,68,49,20,83,38,9,27,82,85,35,98,27,41,70,33,10,73
6,93,19,19,15,23,60,32,47,61,21,86,20,90,12,84,58,75,48,43,42,1,66,36,83,7,24,87,3,27,53,85,6,5,47,77,91,74,70,29,83,34,62,21,51,82,61,37,58,16,10,65,58,4,69,30,55,37,91,16,13
42,90,95,72,9,27,97,87,58,89,97,29,85,38,67,26,67,52,19,74,20,29,9,66,57,25,45,66,45,30,14,89,69,44,72,68,4,74,61,98,6,30,11,58,37,3,24,3,1,79,37,37,15,42,18,37,55,21,86,63,57
44,98,23,71,33,78,95,82,95,31,12,66,21,42,93,65,93,1,67,95,87,57,7,14,71,31,44,23,99,27,82,74,47,29,51,32,16,73,67,29,85,33,35,56,14,92,93,93,29,83,51,90,15,19,38,5,88,20,10,48,74
57,53,23,58,96,58,37,12,8,5,91,55,6,21,78,9,63,56,45,75,16,33,40,32,51,96,1,27,21,57,77,49,84,92,32,55,85,98,75,5,26,57,16,25,35,27,38,59,58,79,22,64,55,9,52,93,32,7,84,66,77
80,48,76,33,75,41,24,71,20,89,65,5,70,11,58,30,76,82,24,72,48,8,5,72,36,68,82,26,72,23,73,5,25,85,56,93,72,91,73,93,25,67,7,65,10,82,45,76,77,4,47,33,96,33,99,3,85,7,24,9,73
46,28,64,20,27,3,40,78,75,83,82,74,26,42,96,25,50,34,65,79,11,56,83,33,64,76,58,97,66,15,68,95,37,6,73,88,10,11,62,68,80,95,57,48,84,28,47,27,65,30,89,47,47,35,88,42,78,37,35,65,26
2,61,16,29,9,39,82,22,1,14,36,88,7,97,99,26,54,65,53,25,88,91,86,34,19,34,38,62,86,53,58,40,99,44,74,16,46,2,3,26,73,87,93,88,4,4,40,60,55,38,78,22,27,50,90,34,39,90,62,57,86
40,42,86,27,39,77,25,47,78,64,69,70,36,75,80,69,86,37,2,90,42,56,12,44,83,52,55,92,29,31,29,10,53,11,56,55,87,42,9,77,18,86,41,76,45,30,38,30,20,71,85,94,78,92,13,17,29,52,62,16,69
36,36,95,36,69,76,19,87,15,50,36,93,11,61,91,93,8,47,89,92,26,25,98,28,22,31,42,52,93,80,76,35,47,16,41,11,38,65,83,96,71,47,44,6,14,76,91,86,81,97,29,97,92,45,86,75,30,79,41,81,23
84,97,94,64,97,13,4,98,66,32,52,4,30,99,89,55,46,47,30,43,41,12,32,75,14,10,68,73,73,90,59,40,93,29,44,34,52,14,73,43,74,24,32,26,3,88,4,14,89,75,58,17,46,15,64,60,35,91,20,9,3
63,60,97,91,14,8,61,2,34,9,56,99,99,74,44,73,50,70,10,4,28,56,86,25,59,23,98,75,74,4,12,61,23,14,16,30,42,83,54,64,55,30,25,12,59,84,45,76,94,18,73,72,94,46,37,88,61,9,32,84,75
11,49,80,24,15,98,67,93,14,90,36,18,56,10,45,14,86,94,4,37,28,29,85,22,97,35,56,74,97,88,20,28,1,23,76,69,63,28,47,40,33,74,93,44,94,31,64,60,65,41,55,90,97,49,29,20,97,56,78,86,47
65,32,51,16,12,17,24,85,64,22,12,97,19,76,96,32,68,45,87,9,51,51,48,39,95,81,18,9,62,28,76,7,51,27,64,56,4,44,95,80,19,65,15,65,66,70,6,82,97,28,12,85,45,91,81,85,95,93,91,4,84
64,33,20,38,7,52,52,56,82,56,88,65,24,5,39,10,3,94,37,15,12,45,37,49,32,96,55,69,4,36,97,40,10,1,20,27,88,40,36,93,25,67,99,73,80,26,51,38,35,47,92,96,63,79,21,35,16,85,76,32,88
44,61,8,33,2,9,97,46,39,60,21,26,16,35,76,40,29,3,98,21,24,5,81,20,57,38,49,24,68,91,71,66,72,47,33,36,71,32,39,69,15,26,7,69,59,56,14,66,13,54,79,73,59,70,3,35,53,72,86,46,92
27,79,39,38,78,79,52,14,61,89,97,61,94,8,42,28,57,31,12,22,93,18,84,74,13,53,59,16,74,60,90,98,42,57,33,48,87,4,88,87,82,85,32,46,45,62,83,34,7,65,1,84,92,20,27,55,69,19,72,5,53
75,57,77,41,61,69,68,42,54,41,20,94,89,10,32,56,69,6,65,9,4,90,13,55,62,72,31,93,13,5,86,81,64,42,98,1,31,57,98,61,77,40,68,50,42,85,81,27,9,15,96,69,36,30,6,26,95,52,6,8,25
19,46,83,96,73,14,95,51,40,84,79,42,97,76,73,29,14,76,44,25,37,58,70,99,41,78,60,13,29,59,16,44,28,34,80,22,60,96,72,48,39,58,83,32,79,74,18,27,52,38,89,44,48,95,25,27,15,65,81,1,23

The initial sequence dependent setup time of each job processed on machine 4.
(Where rows denote jobs: 1 to 60 and columns denote jobs: 0 to 60.For example:The value of Sijk is in row j,column i+1.)
15,53,96,11,9,77,97,54,3,60,85,48,80,47,63,29,10,23,49,32,40,16,84,81,59,45,66,36,77,10,98,21,63,79,51,64,13,17,39,64,13,96,67,96,14,6,9,33,95,67,86,4,20,6,99,48,3,33,63,9,48
65,14,48,72,39,49,50,96,70,85,34,8,21,36,36,5,79,16,2,92,29,34,88,92,88,8,29,11,27,31,69,74,50,86,49,87,2,23,46,95,84,20,59,60,94,13,27,62,75,47,90,87,80,33,58,53,74,55,82,95,92
17,35,55,4,90,27,32,99,47,3,64,27,69,38,49,11,48,46,32,29,14,55,53,73,34,61,18,14,94,6,40,51,4,52,17,72,36,3,20,47,5,4,82,53,37,78,23,40,49,42,86,58,65,55,71,39,29,35,60,7,58
10,96,14,30,79,14,64,41,58,93,71,7,52,68,46,34,42,89,12,52,28,44,44,78,26,56,49,83,98,37,78,25,95,29,67,62,26,6,18,38,10,40,96,59,34,90,54,70,47,61,46,22,8,60,70,5,18,87,80,60,54
1,71,75,87,49,67,18,10,23,79,45,91,32,98,75,88,4,55,81,52,84,16,21,8,86,88,52,11,10,6,27,47,5,17,61,49,2,72,81,28,19,63,94,32,84,57,32,13,6,15,48,17,65,65,82,18,20,22,70,65,96
69,1,45,82,37,84,95,51,18,51,49,20,21,36,64,93,61,61,27,27,36,69,46,36,53,71,52,81,7,9,18,93,25,66,2,47,96,47,71,8,80,15,25,20,30,2,49,82,7,83,16,7,52,61,92,21,17,53,14,82,87
79,5,25,99,10,39,43,71,99,77,32,92,70,36,66,6,19,41,8,14,42,45,36,81,41,66,38,25,2,37,47,6,43,54,96,16,29,95,61,48,30,58,84,6,56,15,48,91,66,60,12,29,37,4,65,64,62,25,33,47,91
4,27,25,76,23,18,2,34,84,85,6,13,61,52,3,9,36,85,2,15,57,76,4,30,63,58,34,76,7,30,58,1,61,3,85,25,55,83,87,87,27,71,77,76,21,19,14,67,67,97,76,74,36,7,15,46,87,62,56,68,13
78,33,29,56,75,43,10,15,92,9,26,57,79,70,71,42,47,5,39,34,71,3,59,44,53,89,54,81,54,83,35,14,14,95,84,28,23,22,10,35,79,38,53,63,39,38,2,61,89,73,14,58,20,29,19,74,64,71,1,42,82
48,45,83,35,40,12,63,19,31,2,89,74,47,37,41,56,70,88,97,30,89,38,36,20,32,61,40,92,86,22,29,17,66,63,52,99,88,84,16,59,2,83,92,42,66,13,79,64,53,69,23,23,31,99,45,6,49,72,38,53,25
29,12,61,30,11,17,93,86,1,20,54,39,44,83,49,53,85,78,99,62,2,9,7,19,17,25,44,56,52,60,41,53,38,52,98,82,67,41,47,45,14,4,32,14,70,71,22,93,55,65,67,54,95,30,61,17,5,60,95,36,72
41,31,18,51,96,15,28,40,58,62,52,94,99,48,76,89,15,84,6,30,62,73,10,48,28,37,58,78,90,73,73,72,75,98,8,60,95,92,54,25,99,87,90,76,53,59,22,40,22,96,10,64,3,76,34,67,22,62,81,81,84
68,86,58,80,17,45,38,32,13,37,56,64,51,39,58,63,76,20,26,37,43,36,89,74,47,65,44,99,78,28,89,33,17,10,44,65,14,71,35,32,57,46,49,26,80,92,99,99,54,69,27,34,74,40,44,87,19,37,30,27,40
21,39,15,43,71,94,48,46,96,47,97,14,92,58,31,91,37,88,86,14,45,49,81,45,57,65,81,37,60,69,43,39,68,43,97,86,99,76,41,43,68,77,28,85,61,25,85,50,76,12,20,11,29,63,47,95,63,52,83,7,16
77,34,66,47,29,64,60,43,77,26,96,11,6,97,9,60,15,11,82,10,71,35,29,89,21,41,94,26,63,17,13,69,58,17,36,6,55,27,71,15,74,36,83,83,12,63,38,19,98,66,31,84,41,82,44,43,42,58,29,77,88
98,34,68,82,30,87,8,42,38,85,11,1,61,97,15,46,83,75,53,89,43,1,96,87,15,41,25,47,64,50,62,5,6,69,29,5,19,44,85,24,94,3,27,56,90,55,89,81,44,18,37,58,14,61,56,59,72,6,44,67,13
97,78,28,78,9,52,15,17,52,96,9,68,70,84,13,20,79,33,62,71,31,60,27,67,59,99,6,6,23,15,47,92,27,44,95,6,91,62,51,3,66,72,32,70,40,83,30,97,41,91,26,92,18,35,83,20,28,83,31,82,69
98,94,38,48,9,87,4,96,31,87,10,39,18,13,61,25,99,3,83,52,41,97,94,32,88,90,95,86,44,97,87,69,77,7,92,28,88,48,61,43,18,64,49,66,39,78,6,68,60,94,41,40,38,71,46,50,34,46,65,68,15
60,99,34,96,3,28,91,41,88,97,85,39,68,44,12,51,67,94,37,72,63,31,95,84,97,58,33,97,69,19,71,49,77,65,12,84,70,14,86,2,17,89,23,47,91,80,87,63,46,59,35,18,61,57,44,24,79,48,75,33,11
70,46,77,92,91,53,5,19,30,1,81,60,36,54,66,79,80,64,27,78,29,43,1,43,66,87,64,35,74,59,49,51,33,71,18,92,84,67,66,27,96,78,42,7,97,39,73,54,5,36,61,15,2,9,95,41,66,31,71,89,86
59,16,6,8,59,54,86,62,43,51,83,32,54,23,51,51,58,54,97,12,80,12,64,26,47,64,47,76,34,92,27,50,83,22,92,55,71,57,29,32,58,91,24,64,3,95,94,57,91,89,36,16,53,40,21,80,1,52,8,93,99
76,97,45,29,56,59,3,36,48,91,12,91,75,27,8,53,57,26,8,51,45,67,7,23,18,24,10,76,91,38,17,52,86,65,66,64,69,88,27,75,25,39,97,63,7,33,13,39,69,88,6,41,85,11,43,47,90,19,96,45,53
84,35,71,74,41,42,94,16,54,86,69,99,58,30,33,14,90,24,63,73,70,88,40,93,12,78,16,25,20,55,64,39,96,52,92,14,71,1,58,11,92,19,9,42,32,39,15,20,69,35,17,35,91,76,86,9,33,34,12,44,5
47,60,65,79,89,57,71,10,79,98,1,70,22,1,76,33,18,62,93,76,54,56,70,34,55,19,76,80,22,35,64,86,86,83,76,86,39,33,84,1,53,45,14,61,76,42,66,53,88,73,54,14,1,91,24,33,79,83,4,87,29
70,68,94,16,78,38,95,32,13,97,12,36,43,81,1,25,39,79,83,76,58,27,23,90,29,51,85,65,74,19,25,22,68,42,48,96,6,23,57,67,58,28,22,4,53,98,2,82,44,93,97,67,90,36,88,26,43,21,71,75,52
8,48,92,79,42,59,97,4,29,52,96,76,18,31,15,61,27,16,43,95,82,25,39,57,3,32,36,32,36,44,67,76,41,6,10,80,20,13,32,13,43,76,43,97,14,70,5,14,57,1,79,75,11,91,52,62,80,11,17,37,2
3,2,15,93,16,35,37,35,52,88,84,14,94,53,83,58,80,24,38,54,53,21,99,60,95,64,73,15,31,98,50,71,20,84,27,17,65,87,51,76,18,10,19,42,87,90,54,72,39,31,2,87,11,13,53,53,35,37,56,92,88
35,63,72,86,43,33,57,22,27,74,6,98,34,7,26,67,40,71,41,71,66,70,51,31,55,63,99,4,8,66,92,25,8,77,39,34,42,27,93,23,66,81,98,80,36,64,74,76,68,30,9,5,39,67,30,66,94,72,81,85,26
26,8,51,5,90,1,75,15,93,73,1,41,91,33,94,10,96,28,18,20,24,67,58,91,5,93,64,9,10,73,38,51,56,38,45,45,96,20,90,63,99,77,93,80,13,55,62,18,1,9,82,3,26,17,25,39,61,26,10,3,29
41,56,75,41,77,90,91,8,43,97,38,31,41,30,97,66,10,33,14,36,80,91,96,13,58,31,23,31,83,88,43,38,33,45,14,43,29,85,27,90,11,24,48,29,24,39,40,8,9,17,9,45,9,32,97,33,84,75,74,5,52
83,75,60,51,20,29,57,84,60,15,98,71,26,20,51,7,57,84,16,61,23,42,95,70,8,64,75,82,55,51,79,33,83,97,14,76,4,18,63,84,3,70,46,40,1,48,78,70,73,14,92,17,19,10,84,58,2,89,65,57,38
10,75,29,24,17,19,36,72,25,75,86,2,48,96,87,12,21,73,90,29,3,85,50,83,11,24,57,5,93,37,14,57,37,98,91,88,6,37,7,10,72,40,88,47,84,96,87,87,64,59,99,66,83,26,35,84,17,91,18,81,48
72,93,74,83,4,44,11,67,31,91,83,67,16,41,75,64,3,58,34,48,50,98,86,89,24,83,19,45,24,41,70,33,7,95,82,85,86,60,7,78,18,54,41,69,88,16,32,43,83,47,55,76,8,30,38,25,81,19,52,66,28
5,22,57,2,22,71,35,52,50,71,80,77,66,53,95,44,83,21,53,32,84,61,5,94,56,6,32,23,78,42,17,75,75,94,38,71,5,27,65,35,74,38,25,69,33,95,49,29,29,44,48,38,15,19,26,85,20,33,41,45,66
9,47,69,65,62,2,59,56,12,89,61,45,93,16,12,43,77,23,64,75,10,48,95,86,24,4,9,47,2,41,81,19,12,17,9,97,91,1,18,42,70,40,91,31,67,37,42,68,78,88,47,72,28,88,23,36,25,84,5,1,29
98,65,51,5,71,74,73,23,62,37,23,83,6,6,75,19,46,98,91,54,84,92,69,29,3,37,52,39,30,22,82,1,33,46,41,58,2,94,4,2,10,65,98,44,90,68,18,95,39,11,39,73,90,18,79,18,63,61,14,44,98
10,95,17,72,30,51,35,95,82,69,85,99,9,37,78,7,83,12,76,85,25,43,89,69,29,81,63,1,88,85,46,79,70,70,28,21,7,63,12,5,47,45,78,60,45,4,27,87,45,59,12,83,17,13,89,42,5,36,55,71,90
25,47,48,53,65,47,3,88,73,16,42,58,2,62,77,52,73,74,14,39,84,96,30,81,83,73,66,73,31,4,97,6,58,67,47,44,46,11,16,28,66,79,3,17,28,50,8,36,4,53,24,43,71,42,20,19,58,91,51,22,47
95,62,41,95,98,78,13,73,31,8,43,43,22,15,51,37,48,29,39,29,72,69,33,93,31,17,41,36,65,76,93,78,5,90,12,27,54,66,71,68,85,75,11,52,72,38,10,10,5,25,84,97,7,48,57,53,91,62,16,16,93
49,78,54,68,20,10,15,64,68,40,90,40,55,90,30,66,46,65,74,23,38,1,29,53,32,89,86,25,68,8,84,3,14,70,28,25,8,62,86,2,55,90,69,23,11,3,84,22,4,29,55,41,17,32,80,32,73,77,18,94,59
61,15,1,78,33,57,15,18,31,52,40,79,64,20,32,27,69,86,43,10,45,94,31,90,79,17,57,62,21,6,83,16,74,33,68,59,69,30,53,77,62,13,68,96,59,18,20,43,98,44,23,5,48,5,63,15,19,70,59,83,45
13,21,39,75,13,83,25,48,5,89,82,10,3,84,85,43,20,59,17,16,11,77,20,62,50,64,30,64,65,31,32,59,95,76,59,55,78,34,36,6,87,21,13,36,56,44,38,70,94,77,73,4,14,86,6,94,88,15,79,37,92
25,31,79,10,4,29,15,15,6,19,53,50,57,72,58,79,97,78,26,43,68,33,65,14,17,57,15,14,81,6,51,51,4,47,14,42,9,75,28,6,46,71,6,41,71,53,82,93,62,1,46,76,77,79,36,63,47,39,75,34,98
59,13,90,8,98,37,56,58,43,5,44,47,29,12,78,35,99,11,7,85,22,41,25,50,66,51,2,39,36,60,9,25,52,26,62,96,73,53,1,36,18,82,83,93,66,30,7,18,51,55,60,89,22,25,29,44,68,90,74,40,96
38,20,38,52,73,58,35,81,92,75,1,19,60,18,44,54,2,63,76,97,63,79,73,42,81,1,26,97,18,84,84,34,97,73,79,1,46,76,39,97,55,86,31,52,39,45,73,37,73,76,49,42,21,80,49,10,54,9,98,62,5
84,39,4,27,69,57,36,66,71,32,59,90,47,68,24,32,80,82,83,67,25,56,94,53,64,61,55,55,60,56,92,36,17,63,14,1,43,14,34,91,97,77,86,97,78,48,11,88,22,58,30,4,11,42,93,66,88,27,20,83,13
7,25,83,3,90,98,45,12,74,1,2,43,97,13,10,66,75,68,53,25,21,93,46,69,42,39,58,98,99,86,84,35,93,2,40,46,77,31,18,12,59,24,62,43,59,36,25,46,45,25,56,86,62,57,72,92,98,63,86,36,56
51,17,10,18,86,3,23,90,82,48,84,11,49,82,89,24,72,48,55,96,12,81,75,2,62,69,36,31,45,71,99,62,11,32,23,28,4,93,53,20,40,8,49,5,21,67,78,20,95,16,52,9,53,8,37,93,44,34,35,22,64
30,7,67,6,23,93,93,18,72,31,22,49,31,46,18,2,37,63,82,10,5,13,15,73,90,62,17,87,14,90,18,72,37,32,90,96,84,46,90,78,96,43,40,93,12,17,42,93,78,32,49,73,13,7,36,49,13,94,91,76,49
80,82,43,72,51,66,89,92,85,75,81,17,30,81,88,14,61,52,24,98,35,96,17,62,12,72,73,42,54,74,30,22,57,92,54,21,68,40,32,65,66,94,81,6,24,15,12,34,58,22,98,31,40,61,78,70,60,71,47,77,6
51,15,16,59,84,40,20,8,75,2,27,79,3,38,38,37,19,4,63,39,76,88,82,64,17,27,95,76,77,15,82,60,43,5,18,89,83,46,45,24,24,35,45,52,32,25,42,57,12,83,86,8,37,83,95,22,20,69,31,73,38
27,77,20,6,54,99,94,21,71,33,68,22,76,94,90,3,29,91,54,40,91,10,29,65,97,48,9,78,43,79,41,82,96,91,35,68,44,35,70,61,57,75,61,80,90,67,81,40,19,45,87,30,40,78,23,47,33,25,90,54,25
78,95,61,53,47,97,32,40,81,41,31,8,61,49,80,44,14,36,60,22,93,43,10,60,25,43,96,13,68,2,53,99,96,50,86,38,50,26,20,27,13,12,64,13,8,30,21,26,42,66,73,96,30,47,89,35,58,30,34,52,12
53,85,68,55,38,35,78,13,44,35,8,57,58,64,63,84,92,64,49,9,49,20,22,86,31,4,81,26,42,92,66,30,9,22,36,42,18,16,96,95,61,88,84,16,73,1,77,84,25,65,95,31,36,99,54,31,74,80,56,56,4
83,5,14,66,82,57,57,9,47,31,37,95,37,65,80,31,40,93,86,3,50,70,94,60,36,11,42,86,9,15,1,65,25,50,3,40,42,63,62,56,65,21,37,12,93,30,75,5,12,90,17,35,86,60,79,15,72,67,4,86,38
14,4,76,77,57,26,59,6,53,44,51,74,7,61,76,95,85,55,95,48,81,20,57,58,43,26,54,5,57,58,12,38,92,28,32,42,31,38,28,81,88,70,92,15,22,15,10,42,93,89,72,77,47,60,54,15,74,67,68,86,41
59,14,25,36,25,40,75,78,26,84,41,16,58,46,66,21,24,53,77,81,16,39,55,22,8,95,60,38,7,18,41,65,95,53,89,32,83,23,35,57,84,42,95,97,86,43,70,67,72,70,95,91,81,48,45,76,15,44,27,16,68
60,31,19,83,4,82,74,45,33,75,98,18,59,5,8,77,1,89,40,79,55,79,81,54,25,86,52,16,29,86,62,95,53,44,38,72,89,42,48,53,28,33,26,10,39,71,98,78,40,25,51,51,42,19,49,5,19,61,1,95,64
11,93,54,81,72,54,15,18,97,73,72,99,45,1,24,97,74,35,47,30,37,58,86,29,8,69,97,44,37,84,19,80,90,77,75,98,49,86,99,16,55,41,63,14,96,51,71,8,11,92,24,21,63,5,84,64,76,33,66,58,99
58,85,60,83,68,12,54,44,45,20,52,89,8,21,14,60,87,58,3,58,3,26,12,46,64,57,16,65,63,36,96,22,55,98,7,77,39,26,32,1,67,9,93,18,62,38,63,21,78,78,99,3,86,68,30,13,91,50,98,86,19

The initial sequence dependent setup time of each job processed on machine 5.
(Where rows denote jobs: 1 to 60 and columns denote jobs: 0 to 60.For example:The value of Sijk is in row j,column i+1.)
75,69,72,89,17,61,81,22,25,51,65,65,12,78,74,19,10,99,84,43,97,14,81,6,95,91,23,45,70,59,16,78,57,70,74,18,15,29,5,68,26,52,98,12,73,94,77,94,3,88,21,30,45,42,39,48,35,26,84,93,83
1,41,67,38,88,2,93,63,40,68,98,50,3,81,8,27,51,65,35,75,75,53,55,8,8,92,7,24,85,2,94,40,35,96,2,7,42,2,72,23,69,57,47,93,93,26,56,96,64,45,28,61,23,29,51,58,39,88,50,33,65
31,75,45,79,46,96,48,8,8,94,38,84,47,59,39,40,37,81,78,37,3,67,90,55,7,74,59,4,56,69,77,1,85,27,76,17,70,35,39,7,89,42,59,16,64,10,54,7,58,46,17,42,3,28,99,57,72,46,85,81,59
92,7,38,47,7,28,2,57,69,4,65,12,14,34,25,5,7,58,75,12,61,30,32,83,16,84,59,20,77,16,25,27,66,16,20,32,17,87,88,67,91,62,52,42,32,24,82,65,5,16,21,7,52,89,35,39,22,77,52,90,13
7,77,78,28,34,61,71,45,3,45,26,32,26,31,89,85,10,42,83,99,56,65,44,85,72,36,23,23,12,57,90,67,18,86,97,88,93,68,94,40,73,61,83,93,14,13,27,50,14,92,25,10,41,86,28,72,73,13,16,80,76
88,50,95,80,41,11,12,6,84,67,35,81,62,31,44,89,6,80,87,14,35,99,65,52,95,41,76,88,17,56,37,19,64,80,61,79,43,26,14,56,20,15,16,41,17,15,26,54,62,76,49,90,51,34,95,27,92,57,74,36,77
44,63,88,22,98,33,50,17,36,37,56,28,56,26,32,38,27,66,64,42,77,96,1,55,50,40,17,72,97,55,10,86,84,13,54,28,42,48,57,8,77,81,51,92,43,43,90,9,41,49,30,59,25,56,84,81,10,25,45,64,31
38,20,28,87,5,25,81,17,79,42,56,89,61,97,31,47,68,14,99,2,66,65,98,46,2,78,87,65,8,45,75,31,93,65,87,11,84,98,92,54,37,86,66,79,71,40,86,25,76,70,20,72,63,15,42,88,7,9,28,35,14
34,52,2,49,59,27,43,92,44,19,78,40,62,99,2,98,16,42,51,93,71,48,88,18,96,5,69,18,19,35,41,36,6,62,29,39,6,65,30,19,30,85,39,61,90,60,55,77,95,49,52,29,89,61,81,56,99,33,85,43,49
23,32,45,54,32,40,74,61,96,28,81,6,41,38,87,16,38,34,30,74,35,99,40,1,87,63,40,54,52,53,66,35,54,97,62,20,33,9,85,67,50,37,58,1,90,77,2,97,32,85,79,33,41,34,56,98,19,43,49,74,98
5,86,17,36,18,48,19,44,24,90,55,27,82,41,81,9,41,76,12,45,54,16,16,65,41,55,39,68,48,56,58,82,53,12,89,36,78,44,93,49,56,69,81,14,40,78,97,39,17,58,59,25,40,92,95,61,4,49,36,18,83
86,24,14,68,39,46,67,83,95,74,1,26,2,62,28,17,98,62,6,99,71,71,74,69,73,11,83,14,92,74,89,49,28,70,11,19,87,7,17,91,59,28,79,86,58,84,41,86,76,38,91,40,47,25,91,1,55,44,65,14,68
18,75,66,28,99,20,48,81,37,3,46,57,80,47,30,83,35,16,10,76,88,7,25,45,93,63,69,79,44,50,3,94,3,85,5,92,80,20,18,90,23,45,11,45,53,26,27,39,99,98,94,70,70,59,10,19,24,26,58,5,12
46,82,8,31,29,86,47,62,54,97,69,78,17,41,54,48,3,39,69,19,14,71,74,18,65,77,49,96,78,45,77,63,1,94,59,22,24,53,61,24,26,63,56,19,41,4,68,43,30,31,14,51,44,53,68,87,83,37,94,41,54
51,54,83,1,84,29,16,66,63,99,34,99,80,20,88,25,40,9,62,53,8,22,49,24,88,49,78,56,73,84,76,37,88,95,98,20,5,53,80,38,56,31,94,74,14,84,49,42,34,62,9,56,24,62,52,11,36,81,69,84,94
43,97,86,61,67,82,87,85,85,13,38,5,4,38,3,91,57,46,67,93,54,9,24,30,53,94,78,18,37,71,53,19,44,52,78,41,17,18,90,4,30,5,36,41,12,21,40,47,11,30,18,2,71,80,57,76,22,78,75,42,16
26,65,75,68,16,60,82,3,72,48,88,5,80,4,3,40,28,34,9,93,84,28,65,44,96,2,3,83,2,70,76,78,98,45,69,83,10,64,43,70,93,40,97,29,93,63,67,26,55,66,62,39,74,30,30,99,81,88,44,67,45
66,94,37,16,32,35,34,19,33,60,55,38,13,19,59,6,45,56,37,43,94,34,83,82,12,59,54,58,95,52,67,83,92,99,11,25,5,23,42,95,73,14,31,39,20,16,8,28,71,10,53,31,50,33,80,7,17,11,96,31,16
12,15,70,30,20,94,71,87,31,46,76,40,89,77,49,45,61,6,15,11,93,15,26,69,39,24,8,54,76,20,61,37,82,34,96,2,42,65,87,46,42,53,61,56,31,68,13,68,18,12,78,38,83,39,93,94,1,73,71,11,28
79,64,25,41,18,32,64,32,89,95,17,14,28,43,73,80,67,40,41,75,67,63,20,28,25,57,96,99,63,84,33,81,84,38,52,2,39,11,20,26,75,47,67,88,36,77,50,78,53,26,85,87,63,94,35,13,16,44,56,67,54
72,7,98,50,1,16,66,51,40,96,96,68,4,51,47,21,32,68,56,2,26,91,24,16,7,7,91,22,81,73,73,68,71,8,42,82,78,11,4,39,47,11,86,75,54,66,84,87,90,42,3,38,64,13,90,75,33,48,85,95,30
91,45,18,85,16,41,72,65,27,99,59,75,98,46,65,37,23,54,28,7,15,17,50,65,40,51,7,3,1,15,31,98,99,54,90,61,68,29,2,44,15,75,93,67,88,50,40,64,85,56,21,40,88,8,41,49,66,10,99,61,7
47,74,99,6,20,43,4,74,86,95,22,95,16,74,30,73,13,16,68,73,82,84,84,88,66,24,41,28,8,59,32,69,5,83,65,65,13,50,90,76,89,9,14,10,50,38,41,50,94,18,28,89,67,79,59,6,74,52,61,1,59
61,72,41,79,18,53,88,25,58,97,24,84,1,26,40,16,72,56,49,42,53,72,13,71,53,42,76,87,43,54,48,16,37,78,29,72,98,80,54,35,69,67,59,40,67,9,75,95,75,18,19,48,61,12,30,1,25,32,3,44,15
98,15,37,32,13,99,46,80,37,23,28,20,92,45,18,65,43,42,35,2,83,43,68,16,65,53,85,84,25,24,48,17,68,45,19,4,27,72,37,38,46,40,55,56,46,76,47,91,74,70,74,41,11,14,19,41,94,67,84,67,3
7,48,39,8,53,95,78,66,77,39,4,84,87,56,93,39,53,6,7,51,19,9,53,48,33,83,67,35,42,53,53,95,13,40,59,63,17,63,20,74,42,64,30,1,72,15,86,23,83,11,64,72,18,19,52,14,41,2,56,78,83
86,79,28,58,41,40,36,22,6,4,31,59,26,6,45,36,35,28,94,61,48,66,94,12,49,73,93,30,22,38,63,98,59,69,89,90,24,98,9,76,79,20,34,5,35,82,81,99,13,11,41,77,81,46,47,51,2,18,29,25,4
95,95,98,47,67,92,9,59,76,38,32,80,2,89,55,99,88,25,64,86,25,6,87,97,17,16,79,9,1,70,25,89,91,97,23,35,12,71,31,36,79,93,91,94,25,37,74,40,23,71,72,38,2,29,81,43,63,73,67,61,95
53,39,37,12,3,30,62,15,33,20,58,10,45,7,94,72,21,61,70,96,47,41,51,22,86,37,73,96,89,35,94,8,26,22,92,31,79,54,34,3,58,36,10,28,51,2,92,12,10,79,13,7,48,13,55,17,66,70,72,3,39
20,87,35,3,63,63,88,12,45,51,50,75,44,66,19,66,75,27,54,23,65,26,84,42,94,7,34,16,95,37,19,99,47,56,98,68,94,29,52,98,10,33,72,99,37,80,80,47,29,48,72,28,73,85,30,60,37,49,19,72,49
55,48,8,27,9,88,76,37,87,53,98,19,75,84,56,40,74,55,35,19,95,46,59,51,56,63,14,65,78,69,45,63,69,47,95,33,76,9,86,4,75,94,45,82,64,23,6,75,14,33,57,7,54,4,12,27,78,90,92,47,31
28,67,11,57,6,2,53,84,47,97,71,70,19,73,86,54,30,78,69,7,33,6,7,77,92,58,69,35,70,56,60,44,64,19,20,42,66,87,41,44,80,59,42,75,18,12,16,30,67,68,41,20,48,40,72,96,64,88,64,44,31
57,55,49,63,7,6,14,10,30,50,61,66,5,14,42,99,60,72,33,83,23,86,54,93,73,99,31,34,40,48,21,42,99,58,3,99,76,53,64,44,4,71,11,34,85,90,43,31,63,40,63,70,8,40,47,83,82,41,78,56,3
16,39,28,74,97,4,52,21,28,94,13,40,47,54,17,39,12,59,39,36,91,58,90,96,47,31,1,52,88,34,58,84,94,79,98,56,12,53,56,94,89,7,64,76,22,50,28,64,7,73,72,2,36,93,34,65,98,80,43,30,96
88,9,34,20,21,28,45,93,75,82,71,84,75,23,52,89,54,58,2,95,18,25,24,34,91,70,51,18,55,63,35,22,20,31,15,51,36,97,58,26,50,70,63,63,9,22,71,11,7,71,50,90,33,50,56,49,25,41,76,50,42
21,13,82,37,71,87,16,2,16,52,49,26,22,59,53,8,16,3,87,72,74,89,84,28,75,99,75,29,79,43,24,49,28,25,90,5,18,59,79,75,65,8,84,95,80,12,76,50,7,47,74,16,87,26,38,29,46,62,61,35,59
85,85,14,19,28,12,61,80,55,52,41,47,17,74,22,22,50,12,68,15,3,19,50,43,60,70,38,37,80,77,89,69,36,89,33,94,40,96,53,98,49,17,34,47,76,25,55,90,9,34,33,86,4,76,57,52,63,12,68,98,7
20,77,44,72,2,18,76,29,67,22,1,16,48,12,66,54,98,19,87,83,47,1,28,77,1,98,82,80,67,31,64,76,30,42,24,74,53,51,33,93,34,97,54,28,24,29,38,6,6,80,22,5,88,25,42,56,21,31,35,52,41
17,63,4,32,17,72,61,73,20,2,6,29,27,40,61,80,38,56,59,32,84,60,31,93,39,4,15,59,92,7,21,16,26,32,52,50,60,77,50,44,37,55,68,16,20,69,64,31,2,80,20,44,15,97,9,95,20,24,97,19,96
18,60,38,57,89,28,54,83,4,22,16,77,65,8,59,58,8,25,1,2,56,69,10,83,89,14,21,50,85,28,39,19,42,78,96,95,87,54,85,17,14,43,93,52,3,69,82,10,80,33,38,58,38,36,17,81,71,47,70,52,25
85,29,85,98,32,66,8,64,3,67,38,8,98,67,48,98,21,55,24,71,81,45,44,81,84,43,92,85,29,42,12,10,36,84,40,4,98,67,63,98,12,97,25,65,72,91,58,56,38,58,10,57,85,65,83,75,99,38,22,90,88
55,57,52,60,65,80,80,58,37,81,56,94,37,68,86,97,4,33,39,96,91,2,77,39,2,45,33,26,7,81,68,53,98,65,52,29,88,36,70,95,49,88,5,67,53,35,46,10,29,2,57,18,53,9,51,83,11,15,78,63,33
5,33,45,50,30,73,81,38,71,47,60,67,34,91,99,34,11,50,23,39,90,24,69,82,94,7,39,88,81,3,39,66,34,8,61,3,8,10,40,96,29,67,47,53,89,3,76,50,77,54,98,31,30,11,14,18,20,92,85,66,61
53,75,98,98,20,34,20,60,5,90,92,32,29,14,52,29,26,8,92,6,63,45,6,74,11,2,91,6,53,75,98,16,68,34,79,8,64,58,50,10,25,43,80,11,18,89,77,12,87,47,92,64,34,18,47,95,45,36,69,90,30
98,18,31,27,66,79,82,37,6,85,82,62,8,35,7,53,87,64,56,19,46,25,16,21,89,48,21,18,99,26,76,66,51,94,83,12,3,35,56,94,23,68,66,35,28,58,60,31,34,89,76,78,36,24,1,54,70,36,18,46,98
80,42,69,13,38,8,63,47,97,39,30,14,66,8,11,28,14,20,18,47,54,71,87,41,11,76,29,87,85,27,88,74,91,46,90,57,26,67,5,16,8,34,29,88,72,11,89,61,86,26,45,19,80,58,14,45,5,70,36,51,13
55,59,15,25,12,5,42,85,55,10,91,15,69,29,16,31,64,3,22,51,40,72,75,65,53,92,15,36,92,4,72,42,90,68,97,4,68,79,78,1,83,5,41,44,43,48,28,11,94,76,90,34,69,38,60,48,56,90,72,70,27
47,58,78,80,6,89,15,96,89,16,11,4,78,53,80,90,81,62,71,38,85,29,53,6,59,95,34,87,67,76,73,58,3,67,6,97,92,92,12,44,56,84,75,60,39,61,32,46,11,18,69,73,93,90,39,82,39,41,57,30,86
22,32,9,62,40,87,28,79,38,35,88,97,47,53,4,66,59,49,70,83,30,62,97,87,35,87,26,59,35,70,63,48,92,84,57,54,68,69,32,29,9,35,51,79,90,53,96,99,40,53,97,82,77,16,35,12,56,93,1,27,12
74,69,86,7,60,4,34,77,85,59,26,13,23,27,64,66,64,18,98,99,99,70,54,32,10,26,72,8,59,4,53,51,36,19,45,98,99,36,95,54,49,25,84,1,49,47,89,61,97,86,1,97,93,50,39,78,74,1,68,9,70
49,2,4,87,67,43,6,36,52,98,9,94,15,93,13,44,16,69,30,78,25,11,18,37,10,62,19,12,37,37,8,1,86,9,97,31,99,73,52,99,95,89,78,11,35,56,12,9,47,37,67,86,23,27,32,71,53,4,69,82,81
62,44,41,17,51,99,39,57,12,2,62,45,53,73,64,16,92,32,44,73,87,74,14,8,85,40,62,23,89,79,86,93,11,27,64,14,31,25,39,77,61,80,54,28,63,69,25,12,88,1,10,9,69,24,14,17,59,24,11,1,72
43,88,31,90,74,47,70,78,93,40,59,73,40,7,76,89,76,46,94,70,72,77,30,57,72,56,52,38,97,29,59,5,87,79,86,53,24,92,41,56,6,93,37,45,49,59,39,43,77,78,13,57,13,9,28,71,46,1,69,4,35
76,29,40,17,42,44,64,34,57,85,25,30,93,8,34,49,44,74,56,6,65,31,73,36,98,42,22,75,36,78,50,71,26,17,21,22,93,6,64,70,14,26,72,15,27,65,53,87,50,21,39,81,54,9,89,96,75,34,53,50,19
21,39,89,37,26,61,92,37,48,73,53,33,97,85,63,9,75,44,99,24,19,37,43,6,80,24,7,42,91,30,17,5,24,74,31,80,34,29,75,50,44,71,64,52,27,38,13,49,64,84,12,62,23,87,57,68,32,43,9,35,72
48,84,32,25,91,53,36,79,67,53,87,44,92,81,73,45,72,14,13,14,52,1,32,10,68,49,48,57,53,67,79,34,44,22,75,10,22,4,77,76,81,13,8,55,95,85,75,20,97,97,75,17,41,71,34,19,51,43,65,64,72
65,13,99,72,7,18,93,81,83,97,51,84,39,22,43,91,85,49,18,87,52,72,68,14,28,79,36,80,51,50,19,62,21,81,46,63,74,59,25,7,68,12,26,76,3,2,50,22,91,14,52,31,98,80,96,89,16,53,49,90,35
85,39,68,63,46,39,65,92,77,24,37,6,14,48,78,34,93,55,9,92,14,1,40,74,90,93,54,7,29,78,24,58,18,27,60,25,88,51,62,27,20,23,56,45,14,30,19,95,45,30,73,16,91,54,72,74,54,39,70,77,91
80,87,73,12,43,92,93,84,43,17,56,29,11,58,43,24,54,51,51,26,79,68,74,65,11,17,40,88,20,48,62,93,59,29,34,53,47,17,74,80,58,86,46,97,41,77,45,63,89,11,1,36,8,46,25,43,99,34,24,3,22
64,28,59,43,93,32,37,37,26,36,12,89,22,81,78,63,9,91,68,91,10,67,43,24,22,23,94,36,20,87,80,10,59,40,16,85,37,46,69,17,58,2,54,80,80,73,34,87,86,18,62,4,28,28,71,97,4,96,80,86,19

The initial sequence dependent setup time of each job processed on machine 6.
(Where rows denote jobs: 1 to 60 and columns denote jobs: 0 to 60.For example:The value of Sijk is in row j,column i+1.)
34,45,76,98,15,72,84,50,79,31,51,9,71,20,99,62,40,97,44,99,47,86,77,85,6,73,91,11,56,81,33,12,96,23,73,41,44,9,75,7,83,53,34,47,51,92,71,47,35,82,97,50,94,73,8,81,53,81,93,59,7
46,31,7,60,37,23,70,71,26,90,69,95,14,33,81,78,85,60,96,64,33,77,57,42,30,38,70,51,48,73,81,48,47,90,2,37,72,42,89,31,54,1,96,43,13,55,69,35,80,10,74,30,47,45,28,77,14,52,67,73,54
81,85,31,22,43,50,93,24,75,84,83,80,39,25,69,7,35,71,24,6,45,42,69,58,96,68,2,87,63,5,57,20,27,40,32,11,64,40,15,89,54,19,91,57,34,86,9,23,90,40,5,58,58,61,99,97,88,74,52,75,26
78,45,39,9,1,70,32,7,4,88,99,31,79,83,83,50,46,25,15,86,56,48,25,54,1,30,19,55,59,17,49,52,61,76,8,42,46,34,81,47,32,43,12,39,56,32,33,59,54,46,57,58,63,99,76,86,35,34,61,18,13
65,51,16,32,91,26,4,19,39,44,76,48,91,54,17,13,59,50,33,56,80,72,89,92,17,86,7,73,52,7,60,17,6,55,84,79,86,78,99,3,22,90,2,15,95,7,29,41,70,82,19,94,64,61,94,12,42,31,7,50,83
75,83,61,77,57,50,35,7,35,24,55,72,72,13,64,47,60,45,9,16,53,83,79,62,89,31,77,45,37,62,11,28,27,20,10,44,54,69,96,55,76,15,41,11,41,96,93,94,79,62,42,99,13,57,12,94,12,7,79,40,49
41,83,30,32,34,94,4,34,66,94,52,21,80,89,53,82,60,10,38,99,62,9,64,70,43,52,29,59,35,25,5,79,82,3,62,53,30,82,77,46,41,97,56,65,52,90,68,90,90,69,70,63,95,89,8,27,50,94,38,55,3
49,94,79,26,10,36,8,79,16,74,48,67,96,55,33,61,83,58,97,96,72,81,78,32,53,54,67,61,45,17,1,87,17,13,22,38,33,42,44,94,12,76,30,9,67,8,3,28,70,20,78,1,55,38,13,67,70,30,94,33,11
34,4,54,60,33,86,2,2,55,20,25,59,19,68,1,62,63,87,26,52,36,99,13,2,93,86,51,71,96,74,83,70,23,78,17,47,35,13,39,87,39,67,15,31,40,63,27,56,35,64,26,61,78,24,15,10,96,41,58,25,82
20,10,53,82,12,74,49,83,79,61,85,22,52,48,55,46,13,16,29,61,13,83,31,60,92,89,18,71,69,70,9,71,65,99,52,98,40,54,7,18,16,21,53,8,4,97,60,64,59,85,9,7,39,4,35,21,66,27,69,59,96
97,84,92,5,35,7,92,58,78,54,11,97,89,75,11,62,42,95,73,72,76,65,55,29,86,99,23,53,34,35,5,66,46,43,28,41,72,57,57,40,42,33,47,96,62,26,86,63,93,94,2,12,68,5,40,62,13,33,42,90,40
85,31,66,80,3,7,49,19,79,50,81,97,2,79,75,82,12,39,58,56,72,92,19,14,75,71,7,13,43,20,96,66,78,7,23,88,23,95,52,95,88,8,58,59,9,75,12,62,53,94,35,93,19,47,57,38,76,31,85,39,26
16,34,91,82,14,45,5,42,13,60,74,44,57,98,94,79,70,77,43,60,42,82,13,99,44,25,78,33,11,57,97,11,60,37,12,41,20,39,14,81,79,53,90,94,33,6,74,84,26,36,71,77,89,54,60,87,87,86,29,15,89
80,46,41,71,34,9,26,45,53,1,88,1,96,24,33,42,54,7,16,2,81,26,48,46,48,47,65,57,96,25,84,53,40,98,30,19,63,37,34,50,11,44,83,1,59,67,91,21,40,51,47,74,86,92,1,29,3,88,97,38,66
67,13,80,88,48,9,75,42,76,94,68,79,74,49,77,49,45,81,8,9,77,47,94,49,33,26,19,61,4,15,18,79,52,51,85,88,82,28,64,32,44,35,92,47,91,71,44,34,86,48,61,63,65,20,21,86,97,50,70,73,31
46,42,69,92,11,3,90,72,22,16,14,33,39,61,93,51,13,34,67,31,95,2,71,87,45,31,27,89,10,74,98,44,36,31,18,16,94,19,20,64,61,67,64,82,28,89,15,92,44,22,59,98,16,14,83,89,65,93,2,60,78
54,85,79,98,70,91,48,28,87,83,20,45,4,58,86,67,73,19,53,32,91,24,6,11,11,47,3,34,76,53,36,99,49,8,84,50,78,15,61,46,73,35,32,34,6,51,5,66,52,45,1,44,76,19,25,57,9,43,24,67,77
14,78,90,34,17,40,7,91,29,59,95,81,53,97,14,91,62,72,19,6,1,11,14,94,12,18,66,85,9,69,54,6,36,46,44,68,26,60,22,30,98,46,82,96,41,35,9,92,30,27,85,27,6,86,71,61,30,93,5,82,55
6,36,56,55,57,26,28,4,9,80,78,81,86,90,66,94,12,72,5,39,48,70,94,30,12,20,32,65,36,29,70,63,86,5,37,98,58,30,49,83,37,95,20,86,68,6,7,96,21,55,15,72,26,66,54,17,71,35,21,62,30
29,29,71,74,30,15,26,63,66,1,45,48,22,30,32,61,24,89,32,36,21,87,29,80,92,40,47,74,30,86,69,35,8,77,90,24,26,62,5,43,94,44,82,34,72,10,8,20,8,83,53,61,24,3,59,90,78,54,46,62,24
17,83,93,31,52,5,66,43,84,83,70,29,23,27,36,70,55,14,59,14,90,78,31,67,47,82,98,79,30,48,81,60,63,40,50,99,40,71,65,99,9,68,33,30,51,34,83,7,63,30,40,50,16,7,37,2,84,50,20,69,69
42,8,88,32,8,85,78,9,17,24,30,25,50,66,29,92,47,95,14,24,48,2,48,30,61,18,39,65,14,76,31,14,58,7,30,76,57,35,39,7,77,68,10,65,34,62,29,29,48,79,86,25,30,75,74,13,3,48,78,44,10
44,14,64,23,15,27,25,24,16,2,56,75,94,47,18,38,75,84,28,27,64,9,95,30,56,95,69,42,97,4,13,12,23,53,24,7,14,46,3,56,77,77,72,15,36,27,78,54,95,88,21,83,25,53,76,49,60,4,61,60,23
43,93,22,64,76,92,21,17,66,41,27,48,4,51,74,88,10,67,47,39,61,83,61,25,19,20,25,6,52,86,63,44,29,26,81,58,62,44,9,69,52,71,58,2,73,55,74,5,11,1,84,90,81,74,70,82,26,88,72,39,37
97,15,96,3,63,83,93,35,18,44,95,93,94,27,66,40,26,61,38,85,52,56,20,43,32,77,91,91,51,96,57,73,26,10,76,88,82,11,22,62,5,36,65,6,62,58,49,87,99,48,31,81,69,71,32,45,6,23,3,4,4
63,40,4,45,73,33,97,82,7,50,5,72,85,65,98,6,18,52,45,37,21,37,96,52,82,60,32,82,91,69,59,38,40,81,36,60,70,5,8,70,50,33,50,92,14,36,94,74,54,1,74,25,61,32,80,99,65,60,21,98,72
87,54,75,41,73,14,18,50,65,83,21,64,81,45,63,22,99,98,90,33,62,92,56,88,46,70,11,94,64,38,56,60,63,75,30,66,68,29,28,9,82,31,54,42,60,61,97,75,45,63,65,53,38,73,25,89,28,49,2,51,24
62,63,15,95,84,75,82,80,61,40,24,56,68,24,93,5,74,72,63,94,86,79,19,60,87,2,61,49,24,95,85,72,41,57,67,33,32,77,30,71,89,39,17,3,73,70,71,50,77,66,22,99,39,46,19,68,33,38,84,68,37
53,28,93,56,65,16,51,94,9,73,27,35,29,90,38,37,75,63,63,54,44,75,26,79,22,21,44,33,85,13,93,48,48,44,2,91,21,50,35,36,69,28,16,65,32,37,55,28,2,69,44,67,39,60,4,15,10,56,9,83,96
25,62,65,93,29,33,73,17,87,98,46,80,47,64,18,46,25,88,11,63,15,12,64,1,64,42,73,11,3,55,48,96,65,5,73,61,85,53,40,94,89,93,42,38,42,41,42,75,12,48,44,8,89,38,76,96,17,54,32,82,24
6,83,34,7,15,65,15,63,6,34,59,31,97,6,15,46,40,31,71,79,52,24,51,60,31,93,30,47,57,21,21,45,52,26,50,20,92,49,74,6,23,78,45,72,60,59,18,75,23,69,89,64,17,97,56,34,78,47,81,57,49
85,70,30,49,77,38,59,16,74,16,17,32,3,67,28,3,63,28,37,41,82,81,42,35,83,43,90,25,50,6,78,72,83,44,32,51,24,67,74,12,74,2,61,35,49,25,93,80,15,45,58,69,60,70,4,96,4,56,69,59,72
42,33,24,65,32,67,51,14,31,79,49,46,75,44,45,5,32,98,25,65,52,51,50,11,69,94,30,12,14,46,27,31,42,27,11,15,51,38,20,11,41,12,1,72,59,26,29,25,64,33,92,63,70,86,13,48,95,56,59,77,38
66,61,44,2,88,74,22,21,17,62,51,18,45,46,71,7,12,3,38,93,87,53,69,17,13,41,90,11,78,10,10,54,22,95,65,28,59,41,34,62,43,7,34,57,80,16,74,88,57,56,93,19,76,44,87,9,60,67,79,49,71
45,99,37,66,44,20,56,8,51,28,11,78,32,74,68,45,56,83,1,79,79,30,82,86,77,1,29,82,43,54,61,37,73,2,69,97,35,15,81,49,84,75,62,75,33,72,72,63,91,58,61,45,45,10,27,92,1,84,18,10,53
75,12,27,30,48,4,94,54,93,85,78,44,58,39,14,93,9,56,57,23,32,46,12,52,42,70,90,61,99,64,88,31,87,6,40,79,26,79,4,40,37,29,75,48,39,82,90,4,11,84,56,47,46,58,90,63,41,96,96,58,16
68,16,71,48,69,13,11,58,38,68,66,51,20,43,23,7,8,90,84,25,31,99,23,28,58,17,89,31,77,8,8,21,93,27,42,87,82,80,8,15,28,99,13,82,9,17,80,31,70,3,3,21,31,58,13,19,86,14,85,90,93
89,42,54,71,15,32,71,6,97,57,93,67,3,56,6,48,36,78,10,42,87,19,84,69,12,60,42,51,25,88,78,55,62,68,2,1,26,47,33,32,82,38,50,21,16,14,97,94,1,6,99,52,32,94,76,79,20,39,82,53,15
44,39,36,1,69,99,59,33,74,71,44,29,42,46,36,4,83,46,33,74,32,84,21,66,13,68,13,32,67,19,35,46,62,34,11,5,86,8,76,69,66,91,99,90,89,9,21,28,58,41,48,71,45,10,99,22,41,28,57,61,84
52,48,72,63,74,54,35,21,51,2,51,86,28,7,71,68,45,64,14,36,4,88,78,15,39,33,44,41,41,24,46,46,59,47,99,95,8,37,2,18,58,72,64,53,34,77,83,3,83,64,33,25,8,74,94,26,61,46,96,58,53
40,36,12,58,72,82,5,21,41,90,26,56,77,17,13,24,6,94,30,86,38,60,73,84,96,92,41,9,88,90,90,82,57,44,57,1,83,16,83,29,15,84,43,41,81,37,61,8,43,90,47,81,38,44,44,19,35,30,13,49,57
84,34,48,75,22,88,89,26,95,87,16,64,73,63,83,30,90,87,93,19,42,56,19,21,81,12,6,38,52,43,23,35,3,86,60,76,96,62,74,80,98,43,68,56,44,18,71,37,56,79,99,61,65,45,81,35,65,91,2,11,29
13,46,79,20,76,20,50,56,64,66,79,5,82,86,26,8,36,14,91,64,77,39,81,40,5,21,41,85,60,54,94,79,6,68,98,21,61,18,51,6,81,70,52,90,17,19,12,45,70,15,59,64,35,16,81,64,15,55,30,23,27
80,40,49,15,20,47,81,81,52,9,51,84,75,99,23,76,67,75,22,31,34,21,3,46,24,93,60,18,16,24,55,9,55,99,39,67,49,1,63,1,4,86,56,34,30,70,18,29,11,54,48,3,82,52,21,93,62,62,69,67,8
78,81,62,69,77,79,50,79,68,1,45,31,27,77,44,57,58,93,36,65,87,72,56,15,53,93,30,9,89,70,97,68,35,12,11,34,44,29,19,54,93,88,80,56,91,85,28,71,1,5,87,61,73,47,91,76,60,17,12,30,5
32,59,60,29,94,70,84,19,2,53,90,48,1,19,28,41,74,36,54,35,47,77,29,60,78,70,77,36,37,45,20,28,15,31,91,22,37,78,72,95,80,40,98,38,69,16,98,81,10,10,19,32,74,5,4,69,85,37,83,22,29
87,54,8,49,70,89,29,93,81,45,1,83,93,91,2,21,76,2,91,87,3,35,26,99,36,35,75,68,32,92,70,77,7,39,48,58,62,19,76,58,88,13,49,43,25,31,8,6,15,66,24,47,18,41,43,50,32,13,6,57,87
69,3,95,13,79,82,96,55,17,22,4,66,7,51,73,75,84,27,85,14,53,21,2,82,23,84,20,45,20,88,16,26,35,17,79,33,59,21,69,20,91,57,86,16,90,52,20,86,95,8,62,11,15,23,88,13,47,24,73,52,47
85,69,31,92,42,38,72,96,50,61,61,45,77,90,82,62,74,56,13,54,36,43,36,24,77,14,13,41,87,1,61,72,84,22,4,45,27,18,91,70,80,12,6,26,24,4,77,25,11,11,47,16,21,58,97,86,43,58,72,7,43
3,36,27,74,74,97,79,64,15,4,49,49,15,19,20,19,39,79,38,28,91,48,39,88,32,69,88,60,37,66,32,80,56,49,64,71,8,36,18,84,82,20,26,90,51,21,74,93,15,59,10,19,98,17,68,76,4,5,15,90,64
21,66,45,51,21,66,10,62,81,4,76,68,28,53,25,44,75,3,72,64,99,24,79,79,1,61,51,93,10,38,76,94,49,75,22,64,97,49,76,97,58,65,24,85,84,23,98,91,93,52,90,54,67,42,47,30,34,11,27,38,37
40,40,98,87,35,44,21,77,39,75,64,81,40,40,48,29,70,16,52,35,64,52,51,29,76,82,21,83,62,97,41,87,24,59,60,20,64,77,58,5,4,86,34,89,14,49,66,15,51,66,1,46,60,13,42,44,23,55,43,21,91
43,1,97,63,15,67,23,39,6,20,50,27,8,23,26,13,12,35,23,89,48,48,27,94,51,5,30,90,11,69,56,3,76,29,13,46,18,58,85,17,80,75,48,30,56,80,80,40,12,37,67,20,1,79,48,76,46,62,64,87,12
42,65,47,62,17,38,86,92,29,88,58,6,60,25,96,21,7,12,96,42,1,96,42,29,52,87,43,37,46,2,24,6,33,46,42,87,13,18,21,1,30,2,47,11,36,62,52,5,53,36,30,36,36,22,43,12,80,44,88,78,25
70,4,52,68,94,25,37,58,29,45,55,34,13,20,23,76,99,31,85,66,73,3,77,80,20,21,14,68,29,76,19,19,21,56,55,74,20,5,9,40,49,42,44,68,81,65,86,69,5,46,91,42,13,18,51,31,82,47,59,60,24
61,75,94,88,77,72,94,41,86,6,38,60,24,23,23,51,97,68,64,45,12,50,94,96,98,54,19,92,86,43,62,71,68,49,42,58,30,65,57,90,19,22,48,31,55,3,69,56,64,82,21,2,89,85,97,7,41,21,81,25,12
16,90,30,41,98,85,47,81,57,1,5,62,87,28,93,56,33,7,34,10,82,58,10,11,86,28,92,68,62,3,97,45,23,43,78,64,88,27,49,39,31,52,9,94,57,70,43,33,73,47,62,53,18,32,61,69,41,21,80,71,33
9,61,42,63,48,19,64,99,44,14,52,63,27,32,11,38,39,77,23,82,46,97,52,13,57,23,98,46,7,92,48,54,32,66,16,92,20,15,40,48,50,10,8,65,77,77,82,76,51,23,48,75,62,48,89,18,19,21,19,98,71
61,45,53,81,27,66,99,77,33,43,62,16,98,7,72,35,72,52,22,78,58,53,62,32,3,75,99,3,22,38,67,18,36,57,88,23,89,18,17,36,30,30,7,34,18,72,30,80,8,53,54,30,15,78,40,97,79,83,94,67,24
49,27,2,86,10,41,46,27,57,73,59,92,70,55,18,12,17,22,26,44,77,14,52,61,49,81,4,18,36,43,4,95,46,28,41,16,30,97,95,66,41,84,69,5,72,30,33,64,3,65,71,72,11,42,17,49,14,15,6,15,68

The initial sequence dependent setup time of each job processed on machine 7.
(Where rows denote jobs: 1 to 60 and columns denote jobs: 0 to 60.For example:The value of Sijk is in row j,column i+1.)
88,26,36,44,21,98,2,97,33,50,89,87,15,12,60,35,21,76,24,54,51,40,84,23,81,25,31,13,79,58,49,26,49,91,45,92,24,18,12,94,87,98,31,51,46,10,3,48,53,48,63,14,19,73,73,33,69,45,36,65,30
68,59,35,62,10,44,8,63,70,15,85,61,97,23,26,87,64,34,43,70,4,9,24,6,99,1,9,73,75,62,47,16,39,31,4,97,53,75,59,19,58,93,74,31,55,60,44,27,36,13,38,48,82,35,16,59,39,31,57,55,61
90,17,53,36,37,29,93,74,39,73,72,56,92,37,82,83,62,45,51,57,33,35,41,52,36,48,24,7,63,96,92,40,26,31,89,97,15,74,29,38,21,64,6,61,56,11,40,92,52,93,36,87,2,39,66,7,72,68,16,48,95
21,97,59,18,83,64,69,75,48,55,98,88,45,55,40,1,79,30,45,13,81,78,34,6,45,56,88,59,32,69,57,36,77,11,82,94,92,81,55,30,48,29,72,25,9,48,11,11,41,47,49,74,2,34,6,4,41,87,7,19,48
84,61,66,31,34,53,95,58,88,95,9,76,87,80,99,33,89,8,20,26,93,36,31,48,95,87,95,78,56,35,18,94,64,81,79,88,8,39,34,1,14,92,29,34,26,37,83,25,41,37,78,45,48,97,7,91,92,72,46,27,44
41,4,5,46,56,23,57,23,1,99,34,4,44,72,42,60,16,70,39,19,66,60,58,73,35,74,93,87,41,15,62,97,73,26,33,26,36,39,92,14,14,44,73,66,58,45,11,76,55,19,15,32,4,49,84,67,2,69,96,59,33
12,94,21,92,82,26,31,19,18,52,49,5,27,53,9,20,7,49,26,73,52,69,41,46,31,36,25,92,26,50,95,81,31,84,89,86,26,40,32,27,7,94,24,84,30,12,91,30,29,80,50,63,86,79,39,67,52,88,90,63,23
26,97,28,96,71,5,13,39,48,27,81,81,33,1,63,71,23,87,56,20,93,43,28,53,42,26,97,14,88,33,1,44,1,54,90,79,11,18,29,90,15,12,52,52,36,76,29,89,58,55,66,82,95,75,76,72,93,8,57,49,27
3,5,29,77,16,19,95,65,99,19,77,14,62,36,46,41,79,79,28,29,24,89,53,19,75,43,25,66,35,68,36,11,66,70,93,50,23,69,78,73,35,76,1,60,45,99,38,61,89,93,28,5,29,27,38,73,79,4,88,96,48
13,82,67,8,18,28,20,68,83,8,26,45,7,2,79,99,64,99,35,49,44,20,48,39,12,52,75,92,66,59,90,16,42,39,31,14,61,73,35,79,87,70,97,5,50,64,38,56,96,38,48,84,12,27,10,96,97,70,12,95,73
48,71,81,80,73,18,96,64,86,37,86,64,23,26,45,15,62,34,81,9,81,75,22,28,1,31,78,36,7,96,55,27,80,14,35,36,10,59,78,14,97,71,29,4,6,12,27,23,68,14,17,92,45,31,7,22,91,20,20,84,53
20,5,98,85,46,53,11,39,63,90,10,98,96,43,12,92,29,23,10,88,39,94,10,72,72,50,23,94,84,48,24,81,41,24,47,40,99,41,75,84,75,84,18,85,95,47,28,4,97,6,33,54,90,65,96,44,2,50,87,33,40
52,70,88,77,92,54,78,23,22,2,83,83,6,34,95,39,36,45,67,44,20,1,94,38,84,52,3,47,34,96,65,60,20,77,40,89,46,88,24,64,70,25,64,33,11,90,95,11,10,98,94,67,29,96,78,41,86,55,15,47,72
1,64,55,32,28,68,18,29,71,96,57,83,73,11,59,68,45,42,30,94,98,73,64,78,29,63,96,33,19,21,86,91,97,63,91,56,5,3,73,40,99,20,13,90,68,11,9,70,46,4,75,31,88,56,6,7,41,53,45,70,50
88,24,10,82,95,83,88,97,18,49,90,45,64,49,39,9,61,17,51,73,57,32,26,83,71,86,6,11,89,26,85,22,76,34,36,74,57,29,36,30,67,68,25,62,45,1,19,85,52,69,29,80,85,96,31,90,95,23,75,78,49
73,85,12,98,62,4,85,14,88,96,9,70,92,4,11,53,97,32,69,97,95,42,80,93,59,4,3,99,27,55,45,47,38,1,2,87,38,28,76,52,34,84,59,19,86,67,71,69,63,72,95,4,73,73,77,69,35,85,51,55,12
84,94,94,18,58,92,2,31,37,99,84,36,97,14,62,82,22,11,58,23,30,86,71,56,72,40,71,76,93,36,67,58,57,3,47,54,80,17,96,76,53,63,20,61,53,32,89,42,61,4,72,20,15,27,37,80,17,18,30,18,95
98,89,32,21,57,69,61,77,60,73,11,81,65,33,28,36,70,81,37,28,5,46,71,60,15,50,9,59,8,86,22,91,15,84,54,94,82,88,75,1,75,36,4,90,35,48,62,59,82,33,68,63,11,17,12,47,74,83,76,77,26
78,7,5,65,76,76,98,74,8,74,5,12,20,96,70,6,37,68,10,7,12,80,68,42,70,11,10,38,57,71,77,63,3,11,58,90,71,63,48,54,18,53,23,46,95,38,27,28,7,23,18,82,36,59,41,65,46,31,1,68,53
44,53,54,35,23,21,89,33,64,95,37,11,47,52,27,82,5,12,72,99,20,49,63,90,73,11,15,28,41,96,60,95,66,49,15,98,64,21,57,38,92,68,71,59,86,45,22,62,22,46,12,58,19,8,26,12,60,75,43,11,38
10,63,52,30,36,77,52,85,44,3,87,40,7,84,65,22,66,52,51,41,45,51,85,32,15,22,63,32,66,38,46,39,25,80,21,96,77,78,66,43,43,97,87,74,5,99,79,75,2,59,22,34,92,33,39,42,69,99,55,78,70
74,7,75,61,62,25,27,29,80,28,72,2,27,5,18,92,74,93,92,49,29,59,99,19,71,77,19,35,22,93,72,66,89,70,39,85,45,32,9,42,58,46,8,38,76,9,15,63,99,49,32,78,88,74,29,82,92,95,70,47,2
99,8,6,89,64,60,80,82,4,54,48,58,12,34,12,5,39,42,36,89,1,47,62,60,77,33,49,27,66,48,6,45,68,75,25,55,80,3,23,53,20,19,28,56,11,59,85,56,83,7,76,68,3,26,61,44,68,23,62,87,49
98,92,12,58,42,50,17,72,18,51,2,58,27,89,37,15,5,54,59,43,88,15,33,82,89,42,14,83,20,1,5,71,62,40,57,21,92,31,69,84,19,50,55,44,53,92,8,51,48,55,81,33,56,65,26,85,36,51,29,84,8
92,49,68,52,13,62,77,16,19,57,42,97,67,19,64,32,64,49,67,80,96,83,10,68,64,66,73,39,66,27,84,73,30,62,64,73,87,74,3,38,1,9,5,65,77,1,54,94,79,39,61,30,63,69,35,32,38,94,16,41,35
53,39,81,17,80,18,8,77,93,13,62,60,89,49,42,83,70,58,54,4,88,20,74,41,87,51,19,13,75,9,51,8,64,36,19,88,83,33,23,3,54,85,12,13,78,76,77,38,95,83,21,29,92,84,10,45,80,31,3,69,96
53,10,46,93,63,49,60,76,65,7,8,29,15,96,40,49,72,84,46,25,61,56,31,38,97,16,91,53,98,41,51,10,31,96,84,74,20,29,58,86,81,47,40,68,57,65,79,90,17,29,21,79,44,55,37,65,15,26,22,52,94
40,37,3,34,51,67,96,45,19,93,23,37,95,74,69,15,11,78,83,76,69,70,36,94,84,50,37,39,47,36,46,20,44,62,37,5,57,85,89,3,34,37,89,60,37,51,28,29,11,46,57,66,83,62,18,37,73,19,73,31,16
17,75,75,20,82,82,87,43,7,56,50,52,16,97,77,79,10,88,52,38,76,28,62,80,14,19,57,34,97,41,33,46,11,11,85,26,79,42,79,19,6,13,97,14,17,26,10,71,25,46,89,74,98,7,15,96,33,13,57,70,24
25,45,72,32,41,56,75,83,8,47,77,46,8,80,31,92,95,94,55,76,87,24,55,7,41,98,39,68,83,57,63,34,51,53,40,57,16,57,28,1,71,72,61,22,8,29,10,8,56,59,54,17,53,56,37,8,78,17,42,74,1
89,34,75,4,54,6,71,1,12,91,92,72,3,37,11,1,11,37,66,7,52,11,51,58,23,39,32,55,6,88,80,17,80,55,25,51,42,71,66,99,63,3,35,29,10,86,13,30,23,25,67,23,60,54,72,76,71,80,8,55,85
59,84,57,23,61,48,59,3,60,67,67,53,91,83,3,7,48,84,92,47,92,41,23,64,55,29,10,22,17,52,36,64,59,99,84,89,46,11,24,12,58,23,32,89,11,6,91,19,13,25,67,30,64,66,33,46,86,83,90,67,91
96,11,59,28,48,47,65,90,73,62,61,17,39,94,10,13,81,40,83,2,6,51,16,92,72,14,31,14,8,89,42,88,81,38,17,70,85,59,34,25,3,95,71,30,4,64,28,70,21,99,86,40,34,7,64,74,63,39,45,59,54
76,26,87,17,81,68,86,17,88,98,39,40,79,18,44,31,54,53,63,51,45,78,26,16,37,66,36,5,48,59,85,29,48,15,90,89,14,63,99,42,94,20,97,57,1,69,90,60,72,58,10,16,42,35,92,2,90,73,33,37,76
60,96,60,25,87,56,81,52,29,24,44,18,49,47,4,15,95,24,3,64,61,43,77,85,89,3,8,31,74,99,7,92,52,79,28,15,61,88,14,77,90,2,98,10,65,64,70,96,52,73,11,98,91,43,93,42,37,43,80,79,89
66,64,28,42,25,95,30,6,62,37,47,4,35,37,66,69,42,68,71,76,77,55,82,26,66,59,17,85,15,47,83,56,68,11,44,54,79,35,14,2,7,71,81,47,13,35,90,66,69,36,90,81,67,35,34,23,5,74,97,38,38
57,60,96,51,3,36,26,61,89,33,91,64,44,86,17,95,95,14,21,23,55,39,35,53,35,44,67,78,17,28,39,23,56,61,48,16,74,15,10,93,92,65,98,57,70,22,94,88,64,87,77,12,19,66,16,61,74,44,38,35,54
83,18,99,16,19,9,19,53,82,67,1,52,62,20,88,71,53,40,80,51,75,82,23,35,16,85,48,62,98,39,65,41,3,73,57,81,79,39,77,39,36,63,33,97,37,93,56,60,35,39,39,99,49,15,81,86,48,35,70,61,97
27,12,22,94,25,49,21,73,4,97,24,39,68,44,2,32,15,31,81,15,22,99,54,57,27,17,86,81,50,79,27,1,84,40,91,55,31,98,71,39,70,69,33,77,55,41,23,30,44,13,64,59,66,93,12,17,80,96,65,73,9
12,10,12,59,38,40,47,60,69,34,40,15,64,76,62,95,88,59,12,29,88,64,29,16,13,29,19,99,49,87,10,34,28,69,60,84,48,73,73,52,61,82,12,88,63,45,3,91,39,17,96,85,2,10,17,9,5,94,1,10,30
54,63,44,62,27,17,32,19,30,1,86,78,19,93,88,22,28,29,13,36,91,16,6,81,45,32,44,73,47,37,23,44,12,30,61,43,34,63,64,36,76,54,57,14,91,46,14,71,7,89,27,45,49,1,23,82,16,59,40,7,70
89,38,12,5,83,96,97,70,12,83,85,92,17,23,48,21,46,95,40,72,61,84,61,27,41,14,90,2,23,75,54,85,80,95,39,26,49,91,60,85,74,42,97,42,54,71,96,86,62,34,2,18,93,49,99,61,75,59,43,40,64
7,8,70,50,82,36,80,57,23,37,57,80,8,91,2,30,15,5,44,63,38,16,62,16,90,63,61,41,77,83,13,2,48,20,89,70,37,49,60,32,69,91,84,7,91,82,36,41,14,69,88,59,21,82,47,61,4,19,96,90,63
55,40,27,49,33,80,87,56,80,32,75,16,65,2,16,85,22,68,44,68,14,63,21,62,46,43,83,53,13,38,66,33,12,70,31,59,15,66,76,41,32,33,35,15,45,26,1,3,68,3,27,20,83,83,31,94,87,13,16,33,86
61,53,95,77,51,85,20,49,47,72,41,91,28,33,85,95,97,50,15,52,78,12,22,51,78,51,73,29,79,98,62,54,89,22,96,79,42,33,11,49,63,84,83,40,29,30,70,8,24,95,98,31,91,89,12,24,20,89,67,64,15
27,43,38,18,72,8,69,38,28,58,12,98,12,19,29,17,28,85,9,57,97,85,4,91,52,75,16,61,61,88,79,52,18,74,69,72,58,84,46,85,23,61,52,64,25,48,31,69,13,46,36,91,61,17,89,37,9,61,66,30,92
79,49,1,14,27,58,99,71,19,71,6,16,16,40,79,3,42,28,63,95,77,86,56,50,82,68,62,19,85,48,60,37,54,96,37,69,57,53,23,9,57,64,8,15,64,18,66,11,57,8,66,29,79,59,50,88,53,68,29,91,60
99,30,53,46,32,26,18,10,71,74,74,7,56,84,12,95,12,91,26,58,17,95,7,90,51,28,41,10,95,17,94,97,35,25,12,86,25,17,62,51,86,12,3,79,58,29,73,58,95,34,34,15,75,16,32,11,52,53,15,40,11
23,78,42,98,26,84,62,37,71,19,85,98,94,78,77,86,45,37,3,26,92,40,26,32,83,96,52,80,51,65,39,46,26,66,64,80,11,42,22,6,13,31,1,77,53,72,7,24,62,26,63,53,89,97,38,40,3,7,3,39,83
19,82,70,1,77,12,1,11,60,22,10,81,95,88,13,28,57,10,39,78,64,41,94,75,38,86,7,84,38,10,56,92,48,35,80,81,57,22,91,49,46,86,87,78,5,24,20,96,64,66,27,63,32,42,69,28,98,70,63,59,73
43,18,31,46,53,29,74,30,1,77,45,88,48,4,72,4,39,93,42,68,74,29,77,83,1,75,51,65,22,69,69,29,55,54,46,40,93,21,80,34,8,72,62,67,48,45,2,13,17,65,19,51,61,15,39,64,16,22,89,68,94
8,19,26,72,81,43,23,68,90,65,46,96,91,68,15,87,97,99,62,42,78,53,41,86,1,41,85,48,95,26,28,64,52,16,99,70,42,49,2,76,20,23,44,98,11,80,70,8,19,22,83,46,20,96,40,14,44,18,55,28,59
53,62,70,4,79,2,47,23,89,45,72,69,91,8,12,82,91,93,8,98,8,17,17,72,82,78,36,79,82,94,77,68,71,59,49,79,33,7,50,67,92,50,44,76,32,7,74,27,87,72,75,90,68,23,28,77,25,22,31,56,39
36,20,88,1,6,28,60,4,53,67,47,84,44,28,67,57,75,15,13,80,83,2,11,97,31,49,32,43,82,81,69,45,26,60,61,43,63,57,16,7,20,15,81,74,6,47,78,94,33,34,85,47,28,30,20,77,75,47,41,98,69
41,7,47,53,83,34,84,3,87,85,84,29,43,44,22,71,36,93,7,85,80,99,69,92,63,56,70,51,76,83,24,45,99,40,84,8,85,35,77,24,31,76,26,91,85,55,99,19,8,36,59,5,80,19,46,98,97,72,12,28,98
12,56,31,78,1,31,32,33,24,65,38,93,6,15,33,36,51,52,93,93,41,12,60,49,96,22,28,63,94,65,73,75,75,52,65,49,64,43,6,77,39,23,18,53,41,36,49,8,62,43,5,79,85,12,5,28,59,23,70,68,98
15,44,65,58,25,92,41,24,73,31,96,92,48,4,41,49,54,45,31,70,98,17,82,54,40,90,81,4,36,71,92,41,61,55,1,41,95,92,9,81,20,84,53,27,78,37,16,91,66,56,40,34,90,53,50,51,81,14,45,18,50
25,68,60,16,3,54,15,76,54,32,25,8,49,48,80,57,13,62,87,44,27,54,1,57,57,22,15,87,98,63,71,12,15,36,42,39,16,66,80,35,78,22,9,30,1,66,92,60,61,95,86,16,70,33,95,80,77,46,3,32,17
15,7,22,49,62,83,38,73,97,47,35,20,10,11,54,19,89,68,61,58,20,39,21,94,52,77,39,77,83,51,99,22,78,7,46,33,73,71,94,8,72,62,63,8,33,48,19,69,51,20,2,91,62,1,99,48,90,37,22,98,8
43,22,91,15,75,89,38,20,41,10,94,23,8,9,27,92,2,37,25,56,65,51,99,13,79,9,21,38,64,11,47,2,40,21,40,7,27,13,97,40,19,15,31,52,95,35,19,67,28,42,78,22,37,21,55,92,64,79,32,44,31

The initial sequence dependent setup time of each job processed on machine 8.
(Where rows denote jobs: 1 to 60 and columns denote jobs: 0 to 60.For example:The value of Sijk is in row j,column i+1.)
91,48,30,67,74,30,11,2,85,13,50,38,60,48,10,49,82,22,6,63,78,37,87,56,38,59,68,74,64,25,21,91,71,5,28,29,96,12,38,44,79,20,82,68,72,27,36,48,16,53,84,54,25,64,8,2,72,3,2,78,52
89,52,30,9,8,69,69,86,33,73,49,28,48,40,49,69,69,6,18,63,40,49,71,27,33,1,42,50,8,81,70,52,38,8,3,69,66,41,75,59,50,66,19,42,47,79,37,15,73,5,5,12,72,93,52,19,93,59,82,38,89
31,75,97,46,4,92,15,12,3,59,23,27,89,44,65,31,1,40,73,74,84,28,23,57,62,77,86,33,70,11,50,68,39,95,82,40,95,57,69,73,36,84,84,76,21,44,76,70,15,99,28,39,26,29,35,61,68,13,63,48,23
7,46,64,30,44,73,34,69,53,21,85,36,37,72,41,95,21,90,80,58,22,13,92,46,58,74,87,90,99,72,72,53,94,91,27,67,84,90,47,78,10,41,67,43,17,49,57,93,8,15,39,74,55,2,15,4,71,89,30,70,89
97,56,36,70,53,36,88,37,21,75,34,29,65,56,89,22,59,20,83,32,27,30,87,16,82,41,59,48,52,14,83,77,52,11,58,95,34,31,84,52,38,78,95,67,86,44,9,95,15,69,82,84,7,37,62,33,15,14,62,16,66
84,46,15,14,98,7,74,54,13,81,70,72,23,92,66,73,65,24,5,47,45,38,67,19,23,32,76,48,2,49,35,84,97,34,24,12,20,18,41,63,31,1,53,22,18,65,14,42,58,21,2,87,61,42,89,29,82,38,37,3,98
1,21,81,10,46,58,13,92,76,12,51,66,38,29,24,55,72,38,95,45,37,19,84,7,76,70,52,81,57,87,57,20,48,79,79,46,96,35,41,42,13,20,17,29,85,60,9,98,4,75,51,30,69,21,97,27,86,37,63,62,42
56,49,52,51,51,48,1,58,64,39,81,60,42,42,58,58,43,5,40,90,63,56,44,59,47,80,7,35,57,13,19,2,18,39,76,97,76,22,17,31,40,59,11,8,94,59,22,19,11,8,31,49,90,86,70,3,84,92,51,92,47
57,10,70,8,85,30,58,39,2,46,47,82,22,56,35,77,29,28,18,71,60,16,51,99,60,52,66,11,50,33,27,32,54,21,32,89,20,60,55,37,73,38,63,73,14,27,41,27,63,19,58,51,75,72,38,19,19,16,23,70,57
88,86,41,61,73,91,28,39,58,8,49,44,73,32,41,50,26,49,54,62,21,60,17,57,83,68,47,31,52,44,83,74,77,62,57,62,42,51,86,46,44,75,52,99,21,71,29,16,82,79,14,15,67,48,27,27,49,87,67,3,1
61,51,98,66,65,92,59,62,77,61,38,63,65,64,25,94,30,62,54,68,7,35,97,62,8,17,45,72,85,94,84,73,43,43,78,29,26,43,54,81,68,65,19,9,34,81,71,12,84,13,40,49,64,64,51,69,63,69,72,44,11
78,80,27,60,37,75,49,84,51,35,15,56,78,49,83,33,16,22,96,59,21,90,31,46,3,12,57,35,28,85,45,6,47,34,24,24,9,70,58,63,2,13,66,43,31,32,11,49,12,48,52,2,25,95,35,84,86,53,2,10,65
57,7,25,7,88,42,82,25,3,52,86,49,62,83,74,72,87,90,26,72,25,93,52,33,78,81,96,16,90,8,75,43,9,6,31,78,49,28,78,31,76,92,6,32,16,90,35,7,32,66,84,4,42,59,56,28,65,82,14,39,54
16,41,75,95,3,71,15,66,68,37,86,14,21,54,18,54,86,22,66,15,62,70,41,68,42,22,36,49,33,98,55,36,8,27,81,98,43,77,52,9,9,15,82,51,94,6,92,26,47,11,76,7,9,91,6,28,10,88,8,38,5
14,60,25,80,7,12,74,91,98,91,6,28,88,46,14,13,35,6,26,91,22,74,87,80,38,69,32,5,22,48,55,93,37,19,8,88,46,70,50,49,69,88,61,56,26,64,7,16,36,19,78,38,67,36,64,29,63,47,88,2,23
38,97,40,40,29,14,94,13,36,89,40,20,8,61,47,45,87,11,18,78,44,83,81,63,7,84,18,74,9,93,50,35,36,82,18,61,78,92,36,45,94,98,14,59,14,9,47,64,83,39,49,94,57,19,54,57,83,96,83,57,4
98,61,49,79,19,98,12,81,29,62,94,56,75,3,15,5,15,54,86,18,48,63,10,18,91,59,25,74,35,6,73,89,6,13,68,44,40,41,76,26,70,83,74,6,51,30,59,21,24,24,11,79,87,23,36,87,66,28,86,12,11
26,82,63,76,22,21,47,74,67,77,70,72,35,11,36,1,28,50,49,84,34,73,80,43,27,34,29,87,20,20,5,15,12,19,87,96,79,75,64,97,98,60,9,45,92,24,51,38,55,70,33,82,38,11,31,92,37,49,13,20,54
5,68,85,6,62,48,63,74,75,72,85,66,31,86,96,2,56,77,31,2,94,22,83,29,99,29,38,76,22,75,56,14,91,15,7,95,12,83,73,58,33,94,75,10,41,90,1,35,15,2,38,85,79,55,95,11,72,1,60,56,45
69,17,98,88,10,58,85,65,11,98,19,3,30,47,15,73,6,36,83,65,90,59,59,89,90,35,45,24,61,47,49,34,59,11,39,45,15,82,30,47,24,54,17,88,2,85,9,40,92,94,3,87,84,20,84,3,31,56,16,25,82
32,73,31,53,6,42,66,22,6,78,56,62,49,35,92,48,91,35,71,32,7,38,68,22,1,71,23,34,89,14,97,92,58,84,20,15,54,9,82,78,56,14,73,89,78,61,95,50,23,83,14,12,80,24,35,68,21,75,60,69,92
57,61,89,2,39,94,28,76,96,73,45,47,51,49,45,50,34,9,90,75,89,47,77,51,27,2,49,75,75,10,40,84,28,37,38,95,37,59,22,97,12,95,5,46,77,54,68,61,14,11,76,7,86,70,24,19,73,83,65,25,7
20,29,71,64,27,95,66,29,59,28,10,16,75,41,32,89,15,5,95,51,73,69,46,76,53,81,77,49,79,6,71,70,85,94,41,87,22,76,67,80,75,58,34,75,7,41,14,7,50,49,1,97,53,8,55,91,14,47,48,9,74
19,36,1,51,92,61,80,66,81,26,24,61,34,57,64,77,65,86,42,28,59,14,60,28,38,40,90,24,11,32,81,9,34,24,76,85,26,40,30,72,39,94,17,81,75,81,45,82,68,83,11,34,31,39,23,53,49,14,5,87,48
43,72,71,93,79,93,44,20,9,31,98,96,62,70,58,63,29,13,87,20,20,67,3,59,2,47,15,6,36,88,53,79,21,81,84,79,77,43,64,61,9,48,5,28,4,52,55,36,8,88,34,69,25,6,92,68,58,64,20,89,57
57,8,81,7,33,74,28,70,52,88,2,14,16,19,31,58,29,52,58,26,55,77,69,7,77,13,49,64,87,70,85,91,75,95,28,72,30,33,59,53,45,45,3,71,68,56,39,67,69,87,32,59,29,50,42,57,56,97,32,14,31
93,66,29,67,68,94,91,42,39,48,84,5,32,67,69,14,82,11,27,81,59,17,34,29,41,7,25,73,18,84,1,12,84,30,69,4,22,34,45,31,49,10,35,3,23,16,25,39,59,2,23,58,59,39,91,58,14,73,60,80,87
98,38,97,64,12,43,32,79,95,85,80,29,35,50,10,63,75,1,84,6,43,98,59,42,7,58,95,78,6,49,22,53,67,45,21,89,45,12,3,8,97,56,13,89,61,93,17,23,68,32,12,29,67,20,65,15,54,14,43,55,29
73,80,1,28,75,55,21,2,50,36,72,83,8,43,2,84,47,56,71,39,5,60,16,83,77,92,21,11,59,17,6,45,67,67,48,22,35,72,12,3,63,85,85,4,12,5,33,49,88,54,89,62,66,83,53,94,12,68,72,36,10
87,88,77,48,61,63,28,90,71,12,58,19,48,30,53,13,69,94,81,89,57,8,28,28,78,14,6,95,47,14,99,22,69,68,21,29,32,27,54,75,39,56,38,28,58,90,78,34,77,84,75,33,8,36,36,15,95,64,73,13,85
41,17,99,52,20,19,61,7,15,49,46,80,22,4,21,31,55,3,62,18,80,5,58,17,87,46,11,38,87,76,91,84,83,10,64,37,98,99,39,26,27,71,40,93,64,25,29,57,9,42,89,69,74,70,50,97,45,40,82,98,92
59,19,76,44,22,98,83,82,76,3,57,96,53,62,12,36,13,35,91,69,28,84,99,37,9,61,47,13,23,28,5,60,82,14,60,68,68,78,3,64,5,66,38,14,57,44,58,93,86,66,15,66,91,15,1,56,52,25,86,90,49
40,46,75,3,20,12,54,2,87,6,46,61,29,34,29,54,51,35,97,42,21,18,78,66,40,93,48,62,38,30,55,94,97,29,24,19,32,87,90,42,34,52,57,66,37,20,62,83,56,71,81,91,99,60,90,71,56,58,85,52,38
72,11,8,10,93,91,38,12,87,27,57,76,40,61,48,13,20,67,90,53,50,26,43,79,45,49,77,70,31,28,72,51,58,24,30,30,66,98,13,1,99,59,32,48,55,91,77,37,9,9,64,85,61,8,90,78,90,63,63,5,43
88,43,24,69,65,57,16,44,34,79,75,74,19,6,60,77,14,1,14,68,60,97,67,80,32,36,60,92,78,52,85,59,82,55,52,18,72,40,85,91,36,1,97,50,90,88,22,22,3,20,56,28,5,75,8,64,60,66,1,56,34
24,46,85,13,49,27,99,44,66,84,45,98,28,92,13,38,62,11,7,67,53,1,60,57,41,71,50,44,52,39,46,6,91,5,87,45,20,35,67,15,75,24,35,37,58,53,58,82,62,60,36,13,73,69,86,43,28,64,5,56,63
49,88,28,74,57,43,46,82,26,4,14,28,7,42,63,56,64,21,55,19,72,30,32,94,56,17,50,47,89,78,54,70,5,67,69,2,73,18,50,33,60,52,77,78,1,1,74,31,85,65,20,67,60,17,47,75,39,96,56,1,45
35,95,69,58,29,70,26,84,33,85,81,59,65,49,20,78,64,90,4,41,44,51,32,73,88,50,10,23,82,12,83,46,41,85,85,54,53,49,90,37,13,57,55,62,64,74,88,78,44,22,1,34,34,54,56,13,16,36,59,79,88
68,4,30,60,76,68,60,33,65,76,33,83,35,74,90,86,83,59,93,37,61,47,16,91,46,56,54,98,86,74,90,90,72,36,80,33,30,7,59,16,34,72,79,74,2,28,16,23,54,76,25,13,58,91,76,70,81,29,48,50,57
18,45,77,85,85,99,45,32,89,29,41,13,26,28,54,64,90,47,85,25,61,29,97,64,36,99,11,68,23,92,8,80,54,64,58,10,91,3,32,3,40,25,89,40,35,56,94,67,10,3,91,72,16,32,22,21,56,16,81,74,32
90,64,87,81,62,44,68,83,66,56,27,10,15,1,91,4,98,58,68,35,17,21,26,74,22,59,81,12,30,77,65,10,64,54,45,92,53,80,52,93,10,13,13,72,37,1,56,93,64,44,12,51,39,27,68,91,4,64,63,20,98
29,71,92,13,88,92,72,46,31,51,42,74,61,56,21,8,80,38,14,36,89,37,21,14,43,20,43,52,61,61,75,73,49,80,91,22,74,9,19,83,97,61,52,95,44,49,79,92,74,94,56,55,76,79,55,40,65,96,97,30,30
32,3,8,44,28,9,96,26,57,99,47,81,87,53,98,85,85,62,99,17,70,59,70,54,75,67,17,7,90,30,13,4,17,35,25,10,62,87,12,51,14,67,46,47,43,33,21,57,86,82,32,50,22,3,60,2,9,70,89,49,95
9,3,89,94,7,38,93,83,34,32,36,71,43,7,17,20,96,64,29,59,52,98,95,24,95,67,35,64,34,24,8,82,92,28,48,76,91,6,43,73,53,30,96,41,79,97,8,38,48,75,30,56,33,99,81,2,98,24,84,17,93
65,54,50,63,42,28,4,72,78,51,68,6,72,3,48,8,67,22,11,95,53,13,18,61,12,84,48,81,85,5,50,25,82,12,79,95,30,69,32,10,68,34,75,61,25,22,77,51,45,54,1,44,16,49,17,99,63,74,81,5,8
74,13,28,95,55,7,55,90,64,93,53,93,33,36,36,95,17,27,90,4,53,47,50,36,53,72,35,76,31,90,99,69,84,2,30,74,28,99,10,63,46,58,94,60,59,76,23,9,42,96,76,82,13,19,30,55,85,59,8,64,43
10,28,75,43,22,91,68,30,15,86,14,17,30,49,54,70,81,21,82,39,69,39,32,49,14,2,30,7,66,69,5,79,79,25,62,12,83,98,14,31,24,68,8,9,88,82,28,11,40,68,76,95,33,13,80,20,69,27,76,28,19
80,53,20,30,35,16,6,15,52,45,33,45,97,25,51,3,70,63,52,70,13,67,88,89,1,72,12,69,88,69,44,34,65,83,61,40,57,93,43,7,3,89,24,77,61,32,55,84,78,62,97,45,62,38,97,68,87,23,98,11,51
64,57,11,32,18,55,25,80,38,79,73,53,54,47,6,20,23,45,18,29,8,9,48,52,31,4,17,30,9,79,6,20,39,49,31,23,78,96,7,87,50,72,5,62,61,52,31,10,31,16,27,26,84,97,34,91,78,6,56,13,38
61,10,70,70,97,71,33,14,95,27,42,33,64,10,9,24,33,1,14,33,25,32,40,81,20,39,71,22,40,78,94,14,61,54,60,34,96,82,29,27,53,89,43,84,96,28,79,37,24,31,39,48,24,43,8,66,52,77,56,7,57
52,94,49,23,94,91,70,95,91,25,30,51,16,41,2,24,26,30,52,82,45,76,75,96,57,93,12,1,72,73,62,55,42,97,86,52,34,84,39,81,43,28,47,66,37,13,25,3,77,70,63,11,37,97,34,38,14,84,46,64,85
24,35,12,5,88,50,27,92,84,25,88,11,8,97,89,3,62,46,94,43,59,79,66,12,37,54,54,39,68,64,21,65,75,73,78,95,91,65,11,68,25,37,48,29,17,74,86,21,45,30,59,78,89,94,41,88,3,69,98,35,26
25,70,90,15,71,27,70,44,47,37,33,46,25,29,40,81,80,8,82,15,48,4,10,61,77,93,64,20,73,46,46,31,6,79,45,71,7,52,15,49,64,20,61,53,16,32,82,54,48,32,74,9,19,44,63,55,58,71,9,83,81
87,99,83,10,70,3,21,29,24,68,50,41,49,49,98,23,40,50,47,66,60,99,9,11,88,20,71,87,37,26,15,75,8,8,75,25,71,58,64,89,45,83,58,43,77,54,7,30,8,1,51,75,35,52,66,48,94,80,53,99,35
50,2,96,16,90,66,97,51,25,83,68,18,53,88,83,7,8,22,75,34,90,85,88,45,58,31,84,3,34,18,35,18,96,15,31,7,75,5,99,46,47,83,58,89,54,63,28,26,17,59,19,62,70,52,46,60,52,50,4,33,79
20,28,34,21,36,41,83,94,86,8,48,80,66,36,47,45,89,99,23,8,80,45,25,55,45,28,42,42,47,13,36,40,50,57,84,50,2,1,57,82,56,60,98,89,88,80,7,96,29,47,97,3,72,39,3,40,21,78,14,52,51
32,1,87,33,30,80,69,12,57,1,78,89,4,77,59,97,5,32,89,21,56,94,44,44,86,87,58,53,55,60,88,65,49,4,63,98,70,62,30,94,27,57,51,94,39,69,9,10,83,17,5,93,89,17,63,91,36,45,88,38,62
79,11,74,3,67,53,63,25,45,57,83,47,54,35,29,30,6,7,86,71,88,53,60,94,82,21,89,2,14,3,47,40,82,85,81,65,76,8,95,69,21,18,80,52,14,48,72,46,93,51,96,48,29,97,77,61,88,64,85,46,6
30,52,31,63,80,40,48,77,68,52,85,68,70,17,39,54,54,47,37,8,66,90,86,51,68,96,34,20,77,85,14,58,50,40,24,81,93,73,59,42,80,1,85,72,91,62,95,8,37,2,96,33,13,43,5,80,99,89,59,26,29
33,66,66,15,51,73,63,75,84,81,61,48,2,71,21,44,78,45,13,27,77,41,45,74,84,40,28,55,86,34,30,4,69,4,76,71,98,23,69,34,23,25,30,40,5,85,47,15,44,27,48,48,65,34,1,67,94,42,93,79,22

