The number of jobs:
40

The number of machines:
10

The number of workers:
3

The processing power of each machine:
(Where columns denote machines: 1 to 10.)
7,16,15,15,17,16,17,14,13,20

The idle power of each machine:
(Where columns denote machines: 1 to 10.)
7,5,9,10,7,8,8,8,1,3

The initial coefficient of each worker on each machine:
(Where rows denote workers: 1 to 3 and columns denote machines: 1 to 10.)
1,1.25,1.25,0.5,0.75,1.5,0.5,0.5,1.25,0.75
1,0.75,1.5,0.5,1,1,0.5,1.5,1.25,1.25
1.25,1.5,1.5,0.75,0.75,1,1.25,1.5,1.25,0.75

The basic processing time of jobs processed on different machines:
(Where rows denote jobs: 1 to 40 and columns denote machines: 1 to 10.)
75,82,74,4,99,9,61,85,52,46
49,35,95,63,84,76,12,99,20,71
73,59,15,25,13,15,34,1,81,87
95,5,88,47,88,94,31,41,72,37
57,35,90,9,55,77,18,88,58,85
48,95,66,74,18,27,74,9,6,87
81,10,81,85,84,10,38,53,30,40
80,55,35,30,68,8,57,73,33,36
90,49,44,56,65,83,17,80,87,49
86,20,14,9,20,76,52,40,29,52
47,21,99,93,95,65,42,74,9,82
22,12,59,66,87,54,16,50,35,91
68,86,18,95,29,10,75,31,53,12
24,6,1,37,10,97,59,12,11,22
86,72,60,18,57,74,64,4,31,54
3,55,77,52,86,19,41,92,73,38
81,73,44,83,75,60,82,84,76,43
70,13,67,16,93,30,23,28,49,38
34,11,5,91,79,82,88,90,48,79
43,81,46,3,49,46,81,97,19,85
61,34,35,95,69,63,92,33,12,32
23,28,39,67,16,47,49,1,88,91
33,85,6,51,76,83,96,60,9,3
46,79,28,49,11,83,95,54,59,81
33,90,6,12,44,99,90,1,24,51
71,66,50,52,75,14,65,94,34,95
97,66,25,1,63,41,23,98,83,5
65,68,65,78,60,81,34,29,96,44
49,19,74,72,90,24,96,86,67,20
39,35,46,30,99,79,44,11,98,27
99,30,87,23,56,5,37,14,42,45
57,52,10,50,5,25,41,66,75,80
44,64,96,51,43,85,72,68,23,48
7,13,49,68,62,51,92,36,3,50
22,24,50,81,45,50,44,64,14,53
85,20,47,62,72,26,26,82,62,88
42,64,46,68,27,27,80,63,91,73
60,55,56,77,1,52,12,63,20,92
50,7,32,50,47,57,19,9,22,56
45,89,14,82,2,44,90,74,22,37

The initial sequence dependent setup time of each job processed on machine 1.
(Where rows denote jobs: 1 to 40 and columns denote jobs: 0 to 40.For example:The value of Sijk is in row j,column i+1.)
40,87,58,10,11,84,50,59,65,36,94,44,52,83,44,48,87,48,8,41,76,27,27,23,1,1,17,63,76,66,23,2,45,82,34,5,32,1,90,27,99
61,8,73,69,30,87,84,2,73,45,21,13,21,95,81,54,18,45,84,56,95,36,41,87,19,57,20,27,19,16,46,17,99,56,20,39,18,50,9,22,14
99,71,14,69,80,18,42,21,64,52,7,52,47,92,86,96,47,40,65,83,82,39,35,40,14,11,83,16,33,77,97,25,79,63,87,53,92,71,74,15,78
80,69,92,65,60,84,43,82,62,25,49,76,39,15,97,85,2,67,24,67,44,97,57,57,44,3,58,47,60,97,79,90,6,59,58,54,73,32,91,9,13
42,36,36,62,94,37,88,25,82,68,50,40,95,43,54,64,26,39,66,13,10,85,91,86,64,87,68,72,31,89,52,44,49,51,60,56,75,82,25,5,66
83,73,12,46,43,37,79,5,21,28,44,18,14,40,90,28,49,58,10,95,60,39,56,22,22,95,74,31,93,18,9,65,87,55,91,4,57,80,45,55,2
6,29,20,98,93,2,21,96,85,21,13,49,25,28,50,5,2,97,76,36,93,18,44,63,78,5,25,18,6,32,18,90,88,23,47,55,77,16,97,20,91
33,95,30,23,19,87,93,68,79,36,41,49,15,38,4,94,14,3,95,74,38,67,2,20,77,8,32,79,90,12,82,70,21,15,35,48,96,90,58,94,55
39,87,76,43,3,40,95,16,92,70,57,39,74,29,5,84,30,11,75,31,2,2,67,73,33,84,48,57,75,71,94,51,78,55,65,96,11,33,75,85,51
21,34,83,27,52,85,36,29,56,67,38,26,43,45,79,70,77,41,94,15,25,28,88,10,53,25,62,65,22,62,35,61,94,72,34,4,86,65,45,95,32
82,72,81,54,97,64,12,55,15,98,78,72,6,30,50,43,84,4,65,4,22,77,14,46,50,17,27,79,16,65,5,6,26,87,16,87,88,71,70,33,62
37,9,79,22,47,13,24,24,36,87,54,56,8,10,3,58,25,3,14,60,49,85,9,40,94,30,93,85,67,23,32,22,34,5,96,55,73,98,17,81,32
56,41,30,11,92,66,37,77,31,36,42,96,33,90,23,46,39,42,86,60,91,1,23,28,10,20,20,77,56,6,41,17,19,92,66,34,72,4,54,66,46
5,54,10,1,22,44,71,51,23,66,73,93,47,46,92,18,27,43,41,14,71,36,61,99,32,48,68,14,27,90,71,58,13,56,93,61,93,3,71,59,8
23,74,83,94,39,1,80,35,9,19,21,98,54,48,12,78,10,34,22,28,97,5,61,31,49,38,54,28,33,70,94,57,32,72,60,88,24,42,98,7,57
52,93,67,20,42,32,68,65,47,64,51,42,35,59,9,32,25,7,17,72,96,56,54,55,57,66,66,98,63,52,3,32,13,38,16,50,17,78,60,47,94
15,9,42,27,48,6,35,7,37,12,64,77,66,54,36,36,48,7,37,14,11,83,31,49,27,30,5,16,7,57,85,89,93,62,29,23,85,34,6,84,30
91,30,65,95,95,28,20,34,6,13,69,42,72,65,44,58,29,75,63,57,39,52,93,31,3,20,23,54,48,77,42,68,55,55,18,19,48,58,63,11,60
17,29,33,71,90,86,75,25,26,92,52,78,7,67,77,30,38,6,78,46,53,96,8,31,3,75,84,68,76,17,56,73,91,77,69,94,47,60,69,55,13
53,1,77,99,31,55,64,21,86,30,79,16,39,30,94,90,59,28,29,47,13,47,12,10,9,43,12,7,43,6,69,24,5,57,30,60,44,83,57,57,54
79,47,57,51,15,63,11,86,22,52,38,84,41,77,55,94,91,44,58,86,71,39,59,33,85,85,76,48,84,35,62,28,82,71,12,44,45,66,91,96,16
44,28,42,73,62,4,99,85,33,99,50,68,99,74,16,50,47,20,97,92,79,43,67,16,24,82,84,2,39,19,79,49,87,28,27,51,84,28,16,5,84
25,74,71,24,80,49,3,38,88,51,61,13,13,67,42,27,61,80,46,15,65,31,90,1,41,22,63,2,86,21,33,43,98,56,31,43,13,10,4,18,57
56,35,51,15,61,26,95,63,99,50,39,65,86,50,30,29,67,8,12,7,96,81,24,59,69,91,66,52,84,23,15,40,44,83,30,97,19,83,37,11,1
98,33,60,93,79,29,23,67,47,7,23,4,37,20,68,51,33,33,2,75,41,26,63,17,5,38,82,18,70,49,33,29,29,26,87,96,35,97,67,56,42
96,17,8,33,63,90,10,91,45,87,70,71,10,70,14,20,37,76,7,99,19,36,68,23,35,9,90,98,45,93,74,59,49,63,20,34,52,59,72,9,1
3,38,81,35,14,99,71,7,12,79,41,96,47,45,70,2,98,66,91,37,85,26,50,61,27,50,77,87,54,39,79,9,20,70,79,78,51,96,22,42,4
95,68,35,74,77,28,78,20,13,25,7,43,12,55,2,46,39,52,19,15,32,34,10,52,15,34,36,95,65,34,43,46,3,8,71,90,36,12,31,65,40
67,33,41,73,99,68,95,88,52,39,89,93,56,90,75,86,93,5,53,49,82,57,96,56,6,5,42,88,35,2,44,59,99,75,64,60,95,33,43,85,89
32,24,93,39,55,96,51,45,6,81,64,84,78,22,41,19,74,4,55,98,36,98,83,72,93,94,89,57,22,61,22,34,30,39,4,93,54,80,32,90,76
85,20,94,84,55,75,55,15,49,9,17,52,43,94,50,68,28,11,63,94,20,91,28,21,4,70,13,50,66,43,13,70,46,76,63,47,72,23,37,8,83
91,29,37,9,51,6,48,22,5,9,79,6,89,10,63,70,95,53,65,29,13,97,55,99,76,28,70,63,76,11,65,37,21,22,56,33,54,33,63,95,90
7,51,50,16,57,88,21,39,24,92,24,88,20,22,57,58,20,67,64,27,47,49,53,23,10,69,24,90,3,96,56,66,24,36,94,89,63,7,10,40,85
30,80,7,39,26,5,27,43,52,26,36,30,8,84,30,60,63,59,46,68,33,11,54,54,37,72,46,24,50,18,88,13,36,72,98,2,31,36,97,12,58
39,58,35,99,79,4,57,18,10,90,54,88,4,67,63,91,23,74,25,74,75,5,30,65,78,31,29,69,93,74,42,57,87,13,26,32,86,95,97,43,54
86,30,24,88,49,38,35,17,93,96,88,43,79,73,12,8,88,26,24,76,26,7,70,20,50,79,3,83,13,57,33,90,53,31,36,15,74,90,25,42,3
69,87,16,98,66,89,29,91,63,1,5,22,8,35,21,21,86,44,49,82,79,70,86,10,11,63,66,40,80,97,89,93,7,78,17,51,95,25,89,32,54
50,75,98,26,19,41,17,64,45,48,4,94,59,3,79,23,57,66,54,78,21,13,29,29,3,50,40,94,23,54,15,29,1,55,26,33,91,62,65,19,22
14,35,42,35,33,29,26,7,22,48,87,65,94,24,14,62,39,38,79,35,99,18,85,95,95,24,22,29,88,23,94,34,95,68,81,66,75,99,87,64,71
97,75,68,97,38,87,43,29,10,46,77,4,56,20,95,81,58,41,91,3,71,67,38,53,97,21,36,96,58,55,69,7,64,60,10,2,99,62,50,1,78

The initial sequence dependent setup time of each job processed on machine 2.
(Where rows denote jobs: 1 to 40 and columns denote jobs: 0 to 40.For example:The value of Sijk is in row j,column i+1.)
77,69,32,47,88,45,7,78,81,12,9,59,79,22,49,70,86,42,97,45,57,12,74,75,17,94,40,35,85,94,90,23,53,88,27,73,33,23,79,86,64
70,62,53,3,43,20,40,45,78,86,29,66,21,44,19,69,15,10,33,30,46,70,96,24,39,96,62,55,52,45,3,32,41,67,27,85,79,56,48,56,17
20,50,46,98,86,94,50,42,59,81,68,66,13,93,84,55,8,77,43,73,27,30,46,81,50,96,29,59,72,62,62,54,35,17,81,50,20,64,2,39,58
41,25,72,30,7,98,85,47,5,28,44,57,29,38,63,82,92,65,84,38,65,30,98,62,64,58,32,10,2,52,42,46,33,78,51,96,23,48,26,85,92
7,10,10,13,49,9,28,32,85,27,73,91,41,24,75,93,75,93,13,2,74,5,82,75,57,48,76,42,34,14,80,14,56,99,54,98,54,58,85,50,50
24,93,27,18,85,29,10,68,38,84,48,62,82,90,83,53,31,10,10,66,83,38,48,35,24,6,9,58,50,84,21,51,94,46,7,83,77,44,43,74,48
53,17,12,73,37,73,97,80,4,81,41,21,5,48,66,63,87,55,38,93,45,98,55,71,61,17,46,20,12,96,40,46,89,39,32,26,88,9,18,35,35
60,51,21,90,32,22,22,9,14,80,50,31,71,82,61,68,80,37,89,83,45,25,97,36,65,97,82,40,56,92,81,72,42,66,95,8,42,42,32,8,61
81,58,27,14,60,43,1,87,47,85,58,5,26,83,96,8,89,5,6,79,49,82,73,78,19,64,47,95,25,16,26,65,8,78,51,68,38,76,79,29,75
98,87,15,13,76,24,66,93,24,44,36,31,26,56,47,31,84,41,71,39,92,92,18,40,90,29,54,22,33,89,96,19,95,29,12,6,36,3,10,90,86
26,4,50,89,29,15,89,97,29,4,43,16,31,23,5,23,29,22,80,90,95,54,74,12,79,80,3,95,10,84,68,26,45,45,71,33,96,42,5,90,39
40,44,12,22,85,14,65,50,10,29,40,47,21,91,93,78,93,7,8,83,78,46,80,68,29,9,34,28,93,27,44,98,64,11,38,78,13,24,98,1,23
96,13,9,90,55,34,4,80,60,11,51,13,89,81,49,85,57,71,39,43,8,8,83,76,26,89,98,79,29,24,94,19,63,4,29,52,4,74,68,66,56
86,89,86,31,6,9,40,89,70,90,36,26,18,18,43,47,46,9,22,96,16,19,58,24,15,55,96,8,98,83,9,31,54,73,21,50,8,54,89,1,94
44,53,72,40,87,15,83,80,43,80,83,57,36,73,40,96,96,80,67,57,62,85,64,81,41,50,3,52,87,55,86,6,21,2,96,89,40,50,3,98,40
16,32,51,67,67,88,13,56,57,40,62,99,43,29,33,74,37,11,57,89,40,63,65,89,26,39,81,33,36,9,26,55,97,97,23,69,34,84,88,47,26
56,30,87,25,96,32,93,23,62,92,91,84,30,9,77,15,79,14,99,43,72,15,13,28,26,98,23,65,72,24,51,84,31,81,26,95,12,42,91,44,39
30,34,70,26,84,86,11,99,67,76,84,24,82,93,7,13,32,31,26,52,59,53,47,68,13,16,37,88,45,2,38,25,88,89,48,2,47,29,16,4,57
36,36,37,17,47,61,30,34,20,35,19,19,10,12,6,9,77,83,20,42,3,90,20,6,98,28,44,86,89,21,96,30,7,28,47,95,98,58,97,21,38
23,41,2,45,20,99,56,68,82,52,30,90,70,5,53,65,49,57,48,67,7,37,90,22,90,93,50,81,57,18,28,83,45,17,68,67,46,33,95,12,28
9,79,38,38,95,34,36,81,8,27,81,95,51,29,37,5,65,70,4,32,42,18,89,8,66,89,94,27,36,25,98,76,45,61,41,98,22,72,40,2,63
34,87,44,42,41,71,82,50,55,80,57,13,96,6,56,86,75,42,44,69,17,7,89,54,69,87,46,19,62,60,69,21,11,69,16,90,67,52,46,77,29
48,57,42,18,35,69,90,21,77,97,90,72,4,58,89,76,99,17,76,35,4,83,72,63,68,89,40,35,59,52,73,64,45,29,62,15,96,58,49,15,79
63,57,60,77,55,25,24,22,66,8,62,39,38,96,4,56,16,2,61,75,7,76,33,94,20,68,33,78,63,63,50,47,10,81,86,26,19,86,39,28,77
6,46,51,17,5,20,26,97,75,52,5,1,73,73,92,94,67,82,18,18,98,83,46,66,31,59,39,90,35,87,25,4,89,98,21,42,58,34,93,24,51
52,54,26,30,32,94,51,82,69,94,99,85,57,12,86,48,78,99,20,79,97,59,91,47,96,33,30,50,2,3,70,51,80,92,80,21,23,84,28,37,19
16,81,81,87,65,96,70,59,51,65,56,88,72,90,20,88,59,74,66,58,82,49,86,41,48,2,46,50,38,75,82,93,89,19,26,83,56,80,45,83,60
89,10,53,95,59,80,24,67,50,30,37,1,4,77,31,41,35,4,98,17,70,13,1,15,87,78,31,98,67,98,84,60,68,72,44,5,10,38,25,97,34
68,28,89,86,24,10,90,78,15,62,95,60,88,60,92,86,80,93,49,69,64,20,80,47,19,71,19,97,25,20,63,32,79,59,7,10,60,47,60,41,23
57,84,7,21,19,37,21,90,39,35,97,60,11,79,4,29,54,91,96,77,87,68,3,57,74,93,90,29,31,86,41,24,70,76,57,38,15,79,25,41,57
85,73,94,28,40,31,31,67,88,80,23,12,30,62,93,50,66,44,24,9,44,32,67,81,91,23,24,22,99,24,91,13,83,64,81,7,41,80,46,18,56
25,90,1,26,6,7,23,20,11,97,86,50,39,81,30,61,84,26,36,95,26,8,92,5,24,82,50,94,75,77,25,50,10,43,76,98,83,31,61,82,21
63,56,10,83,98,53,14,55,40,96,99,85,22,42,43,8,14,91,3,3,48,8,6,51,6,8,13,61,88,46,40,93,67,44,45,55,92,17,97,88,60
98,66,2,56,87,58,82,83,83,41,38,5,53,86,83,19,83,73,80,74,8,25,17,50,56,18,42,3,57,84,11,92,51,67,43,36,9,10,48,60,27
83,93,56,15,97,28,71,29,86,94,98,57,13,36,76,8,92,16,98,84,70,23,54,84,55,70,5,38,40,55,16,55,53,78,79,3,39,37,29,99,28
83,68,73,9,39,75,17,77,44,76,26,76,77,84,58,95,9,68,64,4,1,87,63,33,26,62,35,26,93,2,59,59,34,76,26,12,10,30,7,19,93
13,28,78,90,82,97,86,10,36,45,60,48,16,25,21,24,73,99,47,38,93,56,81,64,33,94,78,57,64,47,19,43,55,89,17,51,8,16,17,58,72
73,14,35,87,32,44,83,56,74,41,62,70,97,44,33,54,26,37,24,18,19,67,32,22,23,11,49,66,34,55,7,38,83,64,57,30,71,11,24,10,53
54,87,49,32,78,72,13,29,28,93,45,54,17,2,54,10,9,20,2,69,15,92,78,64,62,19,10,35,38,48,7,39,8,96,23,65,60,36,47,28,10
72,68,54,51,77,77,32,18,71,72,57,60,81,81,23,52,17,37,41,73,52,84,34,98,69,1,15,81,26,79,81,60,72,41,29,78,22,38,79,31,92

The initial sequence dependent setup time of each job processed on machine 3.
(Where rows denote jobs: 1 to 40 and columns denote jobs: 0 to 40.For example:The value of Sijk is in row j,column i+1.)
5,59,95,36,53,43,12,30,8,10,45,82,89,80,17,97,89,73,97,59,54,8,49,66,71,26,38,33,4,9,52,8,33,16,1,24,93,89,17,11,46
21,12,13,98,42,43,49,42,81,73,15,6,49,80,85,96,94,70,7,32,72,94,37,54,62,95,33,82,41,48,63,2,40,75,48,91,23,59,77,6,47
40,85,92,40,57,11,80,63,42,83,33,48,74,91,24,96,83,57,78,43,10,77,74,32,50,40,4,81,72,51,14,63,50,56,76,61,66,68,34,63,63
87,79,81,4,42,16,77,53,10,84,73,94,75,56,15,46,85,44,15,12,19,81,80,67,9,16,32,43,34,47,26,34,1,32,20,87,76,52,61,61,88
98,30,80,81,16,68,80,44,63,27,52,76,13,18,36,56,80,45,41,27,17,62,31,93,41,88,70,76,98,68,41,45,12,27,55,33,17,22,54,19,64
78,64,57,19,77,10,46,91,22,30,20,81,6,90,52,53,33,85,98,22,90,31,17,76,40,39,58,73,87,10,89,60,40,50,27,93,11,32,24,9,12
68,23,38,42,40,89,31,99,25,94,54,58,86,28,93,59,64,20,8,21,35,26,55,38,64,79,93,98,63,17,66,80,56,12,17,58,4,4,63,55,41
29,69,10,86,6,46,56,40,3,80,61,28,4,28,69,44,66,82,56,72,10,96,56,4,24,35,89,59,63,53,75,42,88,9,83,44,72,6,34,63,16
77,42,23,39,32,86,42,81,75,52,97,61,84,20,97,33,7,54,74,40,3,92,47,1,72,70,38,68,84,93,62,46,29,93,20,49,82,38,42,68,90
76,69,28,72,96,91,21,32,31,6,91,16,40,25,3,23,84,75,42,78,69,40,50,59,40,41,82,70,70,81,23,32,74,21,68,19,83,79,36,42,89
56,23,10,75,47,26,45,28,33,24,49,27,50,65,39,45,70,42,24,15,29,45,79,28,84,31,55,78,90,32,69,99,55,22,71,39,22,84,6,99,96
98,19,7,68,3,22,16,54,96,81,86,62,89,18,91,6,11,53,43,94,95,69,86,99,53,87,67,56,23,74,17,56,57,81,27,56,57,12,68,41,8
49,67,38,70,75,53,18,10,19,35,55,1,90,4,39,49,36,57,49,35,93,17,92,22,44,93,72,65,84,73,79,32,42,6,69,4,69,4,19,52,19
53,98,89,27,87,8,83,41,11,95,18,12,87,25,95,6,27,39,7,65,3,90,59,79,14,46,39,35,48,41,36,60,43,80,80,2,29,93,83,15,69
59,64,69,32,96,83,86,82,66,82,34,76,33,91,73,54,7,27,98,71,65,5,22,51,94,69,95,94,37,14,95,66,36,64,87,53,14,29,54,7,85
3,85,93,63,20,94,15,14,15,84,4,86,80,94,99,2,74,93,27,2,97,29,98,88,94,84,68,42,47,59,14,57,59,96,74,46,22,61,77,34,89
89,22,35,68,10,28,51,78,99,71,99,72,21,93,66,74,72,11,43,9,94,22,50,60,25,87,50,69,99,75,70,16,54,21,67,71,53,5,93,6,28
35,93,4,90,44,69,86,55,99,89,83,67,68,77,58,34,49,13,73,68,19,81,4,78,97,76,62,82,68,9,88,99,96,41,43,88,86,11,74,84,17
47,15,39,79,64,35,2,11,92,25,25,27,22,30,58,5,90,89,80,23,95,39,80,22,45,59,49,61,98,45,59,57,55,4,66,8,39,6,63,85,45
55,4,2,10,44,50,82,10,55,53,44,71,23,12,35,29,68,79,30,82,77,73,51,77,7,8,24,5,24,98,83,63,53,76,58,17,81,78,70,78,32
92,38,19,20,14,34,36,82,72,7,3,89,75,14,32,67,22,64,16,36,31,89,58,85,22,8,40,18,61,54,94,15,70,43,55,17,41,76,2,42,88
6,4,28,83,69,41,76,62,20,35,48,72,69,91,99,90,42,89,67,70,51,13,55,10,27,21,62,56,66,34,34,87,22,10,88,64,70,75,11,19,21
17,1,66,74,21,66,90,74,62,74,27,17,11,11,82,43,71,65,68,49,60,1,50,56,67,14,46,81,16,34,3,91,92,99,1,80,85,41,72,49,69
9,78,54,87,67,47,71,28,53,69,98,65,83,41,56,97,65,47,63,99,50,63,68,77,91,25,57,26,99,89,64,35,60,49,26,77,33,45,52,18,82
25,6,95,62,97,25,21,25,53,65,27,98,30,62,8,44,69,55,43,81,62,49,50,16,25,45,40,39,95,44,6,18,96,38,21,5,12,10,83,15,12
83,9,71,4,35,99,24,18,15,21,28,40,89,58,70,63,80,81,3,35,18,45,38,48,46,25,49,53,42,58,90,4,68,81,77,25,37,99,65,86,7
81,64,32,23,17,74,3,98,10,14,33,10,6,10,62,42,5,89,99,54,10,69,95,20,42,52,96,63,77,90,24,55,97,35,84,33,68,72,31,58,47
45,45,58,82,74,22,91,80,57,27,76,15,54,36,24,11,25,74,18,32,59,96,69,39,26,17,22,28,86,41,75,8,77,81,49,27,42,64,95,67,2
16,14,25,92,76,78,43,44,84,70,23,25,68,72,90,98,91,24,75,30,74,55,47,33,56,78,77,51,72,63,84,33,7,44,67,33,64,61,11,80,80
55,43,36,55,68,98,97,96,23,55,77,38,34,47,86,75,96,87,22,8,37,79,19,3,39,97,27,9,57,46,54,51,11,36,34,69,98,46,94,1,28
87,5,26,99,41,20,93,52,95,31,76,23,39,75,94,30,12,41,64,89,16,20,31,65,87,47,26,87,21,67,26,86,2,73,41,18,64,23,35,66,10
21,5,40,50,31,21,96,38,82,59,55,84,75,35,56,64,55,26,18,55,41,17,66,56,40,16,66,56,15,88,1,26,26,15,44,73,82,14,61,79,12
7,54,75,64,48,66,7,55,7,83,58,59,5,58,29,92,25,39,22,25,93,4,39,73,17,81,24,55,73,65,37,28,81,75,3,67,70,45,64,37,13
76,83,95,89,48,57,42,13,80,46,47,95,58,6,38,23,80,91,11,11,22,2,76,2,74,78,1,15,97,82,77,10,33,23,83,96,47,15,59,80,31
35,88,71,43,82,79,57,56,91,56,90,97,6,79,88,32,75,48,86,71,30,36,79,77,27,39,85,25,17,76,29,60,97,96,45,49,71,54,90,34,63
82,29,74,16,82,25,29,30,60,60,56,20,68,1,87,49,72,56,64,96,98,37,95,20,38,73,93,91,82,84,44,62,19,18,71,36,52,27,35,18,87
49,93,34,49,2,45,91,22,35,95,52,80,26,73,26,83,14,92,79,68,89,56,39,43,8,28,47,74,46,67,6,99,89,18,56,52,85,19,24,20,3
47,64,10,15,77,90,42,94,85,89,51,43,5,76,30,12,4,60,1,82,72,45,56,59,10,11,46,43,36,59,52,72,84,99,51,24,64,88,50,31,62
60,1,91,96,8,63,78,73,49,65,49,78,57,61,54,13,87,97,92,99,74,33,53,36,13,45,28,95,54,25,34,22,82,25,43,23,32,60,75,65,99
64,40,30,30,19,49,90,73,87,87,2,84,78,62,95,18,34,53,17,91,11,33,66,23,88,58,81,35,91,93,62,24,4,76,80,77,96,96,32,43,85

The initial sequence dependent setup time of each job processed on machine 4.
(Where rows denote jobs: 1 to 40 and columns denote jobs: 0 to 40.For example:The value of Sijk is in row j,column i+1.)
43,53,14,85,8,91,10,15,94,99,33,10,39,7,33,39,21,55,20,13,73,50,72,20,35,56,10,53,51,53,8,53,53,98,12,66,67,61,83,52,38
41,12,55,82,29,36,67,97,90,70,77,34,14,96,78,19,61,57,73,79,94,92,74,49,89,1,5,54,97,17,60,59,48,87,8,43,1,90,52,48,87
99,57,74,50,17,91,13,74,45,54,40,2,89,65,86,58,44,92,21,24,39,40,14,59,60,36,31,22,50,98,65,30,64,98,52,79,80,79,59,5,66
14,8,92,68,59,26,24,20,87,33,21,8,89,20,68,8,88,41,42,19,83,85,45,14,50,81,73,71,62,8,70,75,80,2,34,65,15,50,84,11,52
15,49,6,48,89,95,69,41,56,69,36,64,62,5,86,77,32,39,36,59,73,68,94,24,97,89,29,40,20,45,7,8,24,45,21,93,69,14,56,76,3
37,24,58,11,24,68,6,65,34,96,53,10,38,8,15,48,48,32,26,12,47,94,23,4,88,26,84,99,6,30,51,56,57,59,65,47,45,65,23,51,60
49,57,94,29,20,54,5,85,15,26,14,80,59,42,65,53,88,70,52,18,86,65,80,82,8,84,70,16,86,13,74,91,31,91,64,82,68,84,83,74,45
61,63,31,13,17,40,34,92,17,48,24,32,32,49,55,31,5,60,20,35,41,62,31,42,86,93,33,45,12,63,69,32,92,40,40,75,92,35,12,58,70
2,49,29,90,31,92,33,48,98,89,25,78,26,19,80,31,59,22,59,94,14,7,56,40,95,61,9,91,20,5,49,96,45,84,83,38,5,96,20,86,77
35,8,4,98,16,58,89,6,97,62,34,8,68,51,59,92,59,60,57,12,97,24,53,14,37,9,50,13,81,95,74,27,20,42,55,38,16,6,37,55,3
52,46,50,59,14,9,2,17,81,39,93,32,71,97,30,78,8,98,1,90,78,65,32,14,55,24,31,33,85,23,64,39,11,59,63,70,25,77,68,19,21
84,92,7,54,70,92,50,77,5,61,35,33,1,86,41,33,10,24,30,95,92,49,41,61,48,43,89,9,30,22,37,74,16,55,48,3,71,77,18,25,27
1,54,34,94,83,90,43,64,62,51,14,34,58,31,9,45,91,4,67,28,20,25,17,48,35,23,12,22,18,57,44,13,38,40,81,58,25,41,32,6,62
35,41,13,57,8,68,82,89,99,98,83,23,31,53,6,39,46,67,93,78,49,75,81,99,22,66,79,26,27,19,17,67,63,8,47,13,8,37,46,45,41
46,86,60,94,8,34,7,44,17,32,26,47,57,85,2,46,15,2,30,95,57,40,26,94,67,15,83,22,31,32,97,42,80,34,76,29,68,36,97,19,72
92,84,35,67,38,51,24,91,85,34,83,12,45,34,93,21,17,68,86,41,98,33,90,18,90,12,4,3,69,12,95,24,11,38,15,84,70,71,65,30,92
20,56,15,86,23,31,47,59,54,78,7,2,8,33,3,69,39,77,42,20,2,71,59,43,67,29,35,42,88,12,19,77,5,91,72,17,91,40,68,44,64
28,57,51,40,46,99,6,72,17,40,20,67,24,83,12,46,67,55,74,16,82,73,17,72,21,14,69,68,78,39,13,42,7,59,72,59,37,3,16,76,17
78,95,30,82,32,9,80,56,9,2,14,77,65,5,29,40,33,66,19,27,84,24,80,78,24,93,24,9,88,35,82,29,14,19,83,19,52,73,9,79,18
50,25,91,60,32,93,55,1,45,93,82,68,45,45,73,84,44,48,46,7,58,41,89,18,65,77,59,86,90,95,98,14,22,43,40,7,83,33,59,45,15
86,7,96,83,66,14,25,92,53,96,79,31,78,88,94,11,53,85,16,11,22,83,79,11,79,62,33,70,91,48,12,61,97,46,13,82,30,93,99,35,19
8,43,37,29,22,92,64,15,41,6,48,10,53,35,69,91,24,22,22,39,46,7,44,76,95,68,20,82,34,43,26,35,8,81,69,10,10,58,19,15,20
49,36,94,71,92,72,31,97,69,54,69,21,61,89,74,4,85,75,81,93,56,58,64,66,6,13,64,60,3,16,34,73,75,54,32,89,27,25,93,23,93
27,18,66,94,29,84,43,12,54,72,6,67,69,90,94,2,52,77,69,76,59,68,84,57,17,10,10,47,30,1,28,98,32,86,88,85,73,53,3,8,13
58,59,8,81,27,62,81,28,33,22,50,20,58,28,81,97,1,29,80,61,14,68,29,77,99,32,9,15,94,54,12,8,7,70,56,48,5,1,66,68,55
38,88,18,13,64,29,42,31,75,71,64,81,85,80,77,40,67,25,94,43,61,33,20,21,25,88,38,19,21,43,13,13,70,75,63,24,33,31,90,55,89
72,67,46,53,79,51,49,15,29,12,96,53,28,70,8,85,72,96,44,89,74,74,96,20,77,73,46,43,12,19,66,45,83,56,3,62,67,41,58,12,9
75,45,25,69,22,77,65,79,6,83,19,23,40,66,72,94,43,31,51,44,71,30,39,86,57,91,73,68,88,73,7,3,23,65,31,68,70,17,44,60,68
36,50,87,2,35,91,80,64,3,34,76,36,10,22,38,68,39,10,83,83,13,51,56,54,63,69,16,79,2,85,63,24,72,18,27,94,74,81,61,95,42
68,32,8,80,71,88,53,59,82,52,99,12,48,15,78,66,85,76,96,36,46,10,1,28,61,20,93,12,33,40,65,86,88,44,19,7,84,6,54,48,28
51,11,73,76,43,12,98,57,65,9,67,89,62,46,34,31,50,69,90,63,44,99,27,3,26,19,79,30,71,11,21,59,53,65,8,93,40,47,21,73,72
58,56,62,94,49,92,26,80,13,60,22,65,5,37,46,22,71,85,18,26,40,81,35,4,79,64,64,92,19,29,77,76,24,4,3,8,47,61,32,88,3
61,30,27,42,42,12,74,27,39,31,52,82,50,99,9,3,29,81,15,39,29,6,65,75,12,91,96,73,58,65,81,66,24,17,38,45,8,35,74,85,27
26,44,47,49,55,98,55,91,64,98,81,66,67,12,18,30,6,79,3,81,76,5,59,92,95,28,99,77,53,63,82,34,17,73,34,67,15,42,96,50,64
35,75,3,48,76,7,86,90,42,71,52,51,27,14,70,5,42,61,85,47,96,67,50,61,74,11,70,86,28,29,74,77,34,38,97,53,31,74,94,98,48
5,68,1,78,38,99,75,61,16,8,37,5,76,52,44,98,95,11,61,98,38,84,23,16,76,10,13,9,75,47,74,47,14,28,76,41,38,28,88,4,25
77,14,75,3,93,93,63,59,5,44,12,38,65,7,9,92,43,11,24,72,1,95,81,94,10,2,28,9,1,23,57,37,84,47,16,42,48,86,30,60,64
17,83,73,77,31,15,1,59,40,20,70,27,21,64,53,86,92,95,31,15,69,91,5,73,37,96,78,79,6,59,58,6,99,65,75,30,37,19,39,13,8
33,67,98,88,77,10,74,51,57,96,6,27,17,49,87,99,65,17,59,85,17,28,92,12,51,12,33,75,51,66,66,94,39,81,15,53,15,80,12,19,13
41,96,58,11,81,36,43,32,49,67,82,87,64,89,13,25,94,36,19,6,51,18,20,56,12,84,85,61,31,64,94,39,30,90,53,28,80,83,93,43,64

The initial sequence dependent setup time of each job processed on machine 5.
(Where rows denote jobs: 1 to 40 and columns denote jobs: 0 to 40.For example:The value of Sijk is in row j,column i+1.)
82,78,75,29,26,16,78,89,3,64,30,10,13,88,47,90,84,11,96,39,3,78,24,87,1,2,44,63,41,85,78,96,38,4,1,5,31,85,56,87,84
22,69,48,96,78,51,76,58,53,54,69,16,66,59,76,69,22,38,29,53,94,62,63,83,25,77,52,1,67,18,95,25,55,26,17,61,39,97,39,40,17
81,43,68,38,28,45,39,42,11,34,92,44,12,12,6,26,54,73,11,14,47,93,6,87,30,77,6,61,48,72,22,74,60,25,38,14,71,23,3,13,75
24,89,88,70,35,35,30,60,47,54,61,12,30,22,69,97,47,80,3,33,26,15,9,41,33,14,15,19,88,58,11,60,49,25,90,43,58,48,21,50,67
89,80,67,3,37,79,50,8,46,52,52,98,28,2,69,57,42,6,85,25,28,17,77,16,12,20,23,79,62,68,95,71,22,68,58,14,51,28,20,67,9
51,63,4,95,48,45,29,91,33,99,6,31,49,87,90,42,53,23,22,86,97,20,43,69,44,39,57,58,29,7,88,76,96,92,30,19,50,79,82,73,68
92,28,95,92,79,31,4,86,70,52,81,44,98,1,64,60,38,46,12,84,37,29,12,71,3,63,28,30,63,62,19,13,48,11,46,81,33,44,84,15,74
71,35,39,37,80,84,46,22,1,76,25,74,14,80,65,50,76,40,71,41,20,72,57,91,22,52,42,20,87,86,28,73,71,96,53,51,61,79,87,94,41
17,41,85,94,18,53,90,67,20,27,38,99,71,87,49,85,73,1,84,80,11,68,84,4,66,76,28,50,11,81,37,64,28,51,15,94,58,71,75,60,79
55,62,73,37,59,81,71,41,76,34,73,51,65,80,44,72,13,85,70,91,62,53,68,72,14,72,57,22,85,97,18,71,73,78,6,5,46,84,78,40,31
16,88,2,52,4,17,22,58,50,17,82,50,44,67,69,12,49,56,75,77,61,99,70,65,93,61,98,63,15,76,2,63,63,8,45,34,73,3,18,70,83
52,84,87,25,54,80,52,12,67,32,81,23,19,7,72,22,28,48,77,30,22,97,59,77,26,46,62,95,77,64,1,5,30,23,85,8,74,51,84,33,92
45,72,34,24,74,82,53,78,75,65,67,72,84,25,51,36,35,83,38,9,58,48,87,82,49,39,74,16,70,43,80,1,14,37,45,32,4,68,76,87,68
39,60,96,61,44,89,46,60,2,79,85,74,83,26,73,92,69,71,55,4,51,32,64,50,52,86,31,54,56,13,77,51,48,7,86,4,66,49,95,13,33
30,18,96,90,51,80,43,51,33,3,66,43,94,40,61,64,4,41,50,93,4,93,7,32,85,13,78,67,15,95,13,89,95,57,96,32,60,45,66,76,22
39,66,26,11,92,73,59,40,75,82,60,19,70,49,40,37,14,19,68,90,58,38,15,25,41,66,26,6,95,21,52,60,73,79,87,40,21,31,21,14,91
29,69,32,10,75,34,16,51,42,74,36,25,22,54,45,93,76,92,52,60,41,66,13,86,91,13,48,2,86,26,95,22,32,66,48,60,24,35,66,41,42
60,26,52,87,60,4,76,69,72,61,13,71,67,96,56,16,32,50,4,98,47,48,18,49,65,66,44,35,27,19,3,90,90,52,57,57,79,65,14,91,89
35,29,43,8,72,95,61,81,62,34,18,13,93,27,96,15,29,9,24,9,75,76,49,11,51,76,62,39,17,4,60,11,13,69,71,12,32,87,5,48,55
51,2,94,43,21,29,92,50,39,90,76,54,3,95,71,46,56,66,77,88,4,60,13,94,83,6,71,58,57,76,77,35,27,74,64,44,14,81,64,66,86
55,35,5,58,12,63,54,42,3,2,59,81,41,91,38,42,77,74,58,27,73,49,69,18,63,1,45,41,5,20,86,95,1,88,92,30,95,84,70,62,33
44,7,27,18,40,88,46,9,90,10,51,27,76,49,4,91,6,57,25,86,18,72,57,76,32,76,22,10,98,64,91,53,54,25,71,86,12,59,35,43,60
38,94,6,2,76,12,42,90,70,60,33,4,26,57,53,22,48,24,33,11,41,80,33,22,81,29,50,61,40,82,78,33,95,34,22,38,47,36,23,15,82
19,65,65,75,81,23,65,96,99,17,89,74,61,25,96,95,52,30,54,79,20,44,49,81,72,36,70,46,99,92,56,65,40,59,41,74,33,95,34,6,49
13,29,63,25,86,50,53,35,98,24,78,18,78,63,96,46,52,66,81,22,62,79,24,12,63,9,55,64,61,51,21,20,49,65,8,6,22,50,59,86,52
46,16,88,14,85,83,71,93,48,12,80,41,16,46,44,48,42,34,45,90,86,79,94,92,1,3,9,56,46,95,81,41,34,97,20,69,50,15,31,98,24
82,58,94,51,87,5,99,91,50,35,67,49,80,2,11,76,80,85,10,13,96,20,26,73,66,33,36,5,25,65,14,68,20,23,29,51,37,69,51,86,85
99,15,93,20,48,76,64,79,31,21,58,19,62,81,27,18,60,81,56,83,64,75,16,67,39,53,34,52,63,58,20,2,2,2,95,23,85,70,52,82,98
29,92,67,35,78,94,15,47,74,84,57,71,67,96,78,44,92,65,28,85,1,16,47,83,56,89,74,25,37,50,86,25,7,82,33,89,25,85,49,38,45
47,30,46,89,8,90,77,11,46,60,98,38,99,6,61,70,91,13,30,23,61,38,63,44,29,39,68,44,26,91,8,19,57,39,11,29,60,14,26,19,99
39,54,95,85,70,34,94,59,45,91,84,82,53,31,83,16,23,32,78,21,53,66,82,79,70,69,23,34,13,4,73,46,32,68,34,11,78,75,57,1,1
23,9,89,31,3,43,58,67,82,65,2,75,5,71,88,59,59,48,67,48,62,45,58,29,45,69,75,81,58,70,45,87,97,66,96,53,70,29,16,72,92
74,67,98,53,14,32,15,59,82,46,63,33,51,22,8,61,8,31,86,78,69,56,98,46,23,53,51,53,87,49,34,68,49,99,8,64,26,14,10,17,89
53,28,73,42,5,72,6,99,99,68,5,7,46,43,46,39,50,99,67,90,24,32,87,96,68,12,70,16,41,24,7,91,97,89,59,22,68,88,50,91,63
41,23,45,80,61,27,10,1,77,20,35,49,18,43,73,16,88,45,34,16,63,25,13,89,50,8,39,7,66,7,27,63,99,45,72,96,22,41,53,94,42
32,49,46,33,58,42,69,9,80,5,64,88,26,10,29,24,1,78,4,42,27,67,39,81,18,76,21,79,51,83,54,73,8,52,77,18,9,31,69,49,46
4,49,64,26,5,43,60,13,24,52,53,33,74,95,24,84,2,56,29,12,80,95,31,6,88,49,63,19,67,51,70,71,68,89,40,21,11,92,52,61,53
46,96,82,5,39,54,84,67,98,84,35,40,41,24,78,37,64,29,18,11,77,20,5,34,28,92,58,66,28,50,68,62,73,84,65,24,69,16,43,71,57
77,24,18,46,84,58,1,8,71,44,3,32,53,74,71,94,27,90,49,20,92,64,60,99,55,48,5,25,73,92,89,25,93,35,43,83,89,25,14,35,63
29,15,71,1,3,33,37,17,74,6,84,48,69,63,13,43,5,63,91,66,2,8,87,85,48,42,64,25,65,18,17,21,30,38,54,91,54,3,66,33,68

The initial sequence dependent setup time of each job processed on machine 6.
(Where rows denote jobs: 1 to 40 and columns denote jobs: 0 to 40.For example:The value of Sijk is in row j,column i+1.)
52,84,86,76,44,25,8,10,13,85,38,34,34,69,58,80,99,47,76,19,31,24,2,22,45,75,97,27,71,80,49,77,77,70,6,47,33,69,87,53,15
10,85,55,46,9,46,36,3,87,33,21,45,2,27,26,76,14,60,48,66,18,78,73,90,3,96,4,41,67,55,4,1,41,32,36,20,50,70,68,8,84
39,62,59,13,84,30,1,34,67,61,77,12,39,37,2,1,38,13,4,39,11,67,31,80,29,93,68,56,45,11,56,59,44,80,69,77,75,48,7,48,67
11,73,57,9,39,15,93,66,95,83,33,50,74,87,74,84,88,34,3,55,2,11,51,10,17,28,98,62,53,73,4,16,72,55,40,14,10,8,29,83,25
12,13,92,41,90,45,87,72,91,91,41,42,85,49,15,21,47,56,89,48,16,37,95,70,21,20,32,81,46,60,79,30,50,59,19,57,22,30,47,49,37
72,54,58,63,52,77,16,10,27,64,23,48,47,68,90,67,8,98,99,36,99,86,35,53,79,73,5,69,19,11,14,77,59,13,33,50,39,78,16,27,7
7,30,84,49,47,36,6,74,57,64,75,45,36,59,45,45,65,85,77,79,71,32,49,23,62,50,10,24,59,50,97,39,63,15,89,60,79,55,35,69,94
4,78,67,40,95,80,17,8,18,66,85,14,75,50,71,83,55,45,62,45,75,26,44,94,69,97,31,16,73,6,4,79,61,85,10,88,58,56,75,38,16
47,20,49,33,16,87,99,80,64,34,45,9,37,29,42,22,96,85,51,13,33,1,28,80,58,20,62,88,78,80,42,79,25,92,25,47,29,99,11,64,56
21,57,93,93,79,5,54,96,20,92,69,19,2,5,90,66,44,13,73,66,57,54,60,75,15,26,89,88,22,1,42,5,57,24,23,6,47,84,49,22,13
82,18,77,18,37,7,72,20,40,1,73,38,34,95,30,55,70,81,28,64,28,81,99,81,79,86,64,50,73,15,92,26,30,74,52,96,32,31,94,40,92
12,4,25,8,12,13,59,61,52,23,80,25,60,17,18,17,31,94,20,80,55,34,11,94,44,48,91,15,28,89,43,16,97,21,81,56,22,46,89,64,19
49,84,73,33,37,58,84,13,35,54,1,91,74,78,72,18,66,74,42,99,81,21,84,51,6,80,65,44,15,15,11,72,65,52,19,54,35,88,53,58,80
39,86,13,14,64,77,88,98,6,27,93,70,31,79,11,94,78,87,40,91,98,39,1,76,66,77,53,39,47,23,9,2,49,93,86,95,81,40,7,43,29
64,4,31,28,1,81,10,96,88,56,47,77,28,64,61,98,79,34,30,6,61,65,60,10,43,63,85,88,74,24,67,94,47,21,74,97,52,10,82,88,56
70,59,93,98,27,15,59,18,43,42,16,90,96,26,73,42,67,10,30,38,95,37,90,61,22,2,7,41,91,61,17,96,91,55,56,87,12,66,55,61,84
37,69,49,76,50,72,70,24,55,93,55,28,83,33,33,50,25,75,57,84,9,83,20,17,34,43,51,87,77,81,69,87,56,4,25,16,97,97,46,42,10
86,74,78,57,19,80,34,65,31,90,16,98,24,21,34,5,73,34,87,55,69,33,52,79,27,43,1,30,14,22,49,81,37,87,22,31,43,80,59,15,34
95,62,37,31,89,26,89,41,56,94,95,14,76,99,95,39,84,20,2,76,11,5,68,40,32,15,43,38,78,53,30,66,89,25,82,56,50,30,57,66,44
60,66,44,67,73,18,57,66,19,21,60,10,26,10,87,37,96,68,9,56,73,84,41,37,11,18,42,56,23,24,11,6,47,93,18,92,80,59,22,80,77
73,12,3,3,35,79,19,77,32,15,60,5,69,90,15,16,9,24,14,95,25,52,23,39,89,56,81,75,79,92,88,45,19,74,73,85,64,76,2,23,40
66,40,34,32,52,8,37,25,85,11,55,41,47,90,66,60,94,38,8,41,61,82,94,21,87,87,60,47,10,29,20,72,7,26,39,51,98,1,85,81,94
53,61,36,6,61,56,34,95,90,95,89,58,62,47,99,63,96,63,95,3,10,11,60,55,73,38,32,6,54,91,13,14,9,17,48,18,84,68,95,90,60
35,75,89,48,4,64,92,59,45,73,23,75,61,43,25,30,94,26,92,2,55,19,64,69,50,75,61,38,44,57,10,44,13,42,64,77,51,18,73,26,52
19,53,52,91,5,46,49,84,88,82,11,55,25,11,65,4,59,25,88,14,69,14,83,95,29,91,19,11,56,68,80,49,27,88,96,69,70,94,57,68,63
98,12,59,32,45,48,44,51,41,45,96,85,71,79,40,67,91,85,85,8,68,52,49,34,3,39,19,44,6,68,7,32,24,12,38,90,63,26,91,53,50
45,91,43,83,41,60,2,26,87,20,70,91,40,96,11,59,72,67,19,30,61,12,47,23,76,83,68,88,31,94,52,57,68,35,39,19,81,30,89,53,36
32,52,89,57,50,28,35,58,82,74,29,76,2,3,76,73,26,59,13,12,78,1,10,25,9,19,45,43,7,53,27,39,10,57,47,32,38,19,62,57,99
36,37,94,21,28,23,34,39,98,93,56,94,12,81,9,26,2,79,98,19,90,86,83,55,63,8,68,49,95,64,92,56,66,43,73,72,85,64,55,49,11
81,75,16,28,26,44,35,16,4,98,80,77,25,42,96,54,76,39,30,55,85,40,89,3,98,52,55,94,96,96,90,68,83,14,86,87,37,98,86,71,62
98,55,30,12,98,46,21,79,42,42,80,78,66,81,13,90,1,15,3,37,81,64,30,80,38,13,45,75,45,59,54,25,27,40,12,67,1,94,45,63,33
55,62,8,68,9,60,98,85,55,62,14,46,69,15,62,16,42,5,2,70,6,91,5,88,78,55,97,86,44,15,45,67,69,60,78,9,87,3,15,67,60
2,18,72,97,2,11,98,37,93,31,15,29,39,58,65,22,7,64,22,84,51,59,13,28,91,42,18,38,77,1,73,20,27,16,4,47,11,63,31,72,36
3,27,42,32,50,11,20,59,60,55,15,75,68,91,87,30,44,27,56,64,64,92,37,21,7,15,56,46,82,1,91,83,9,33,1,81,97,38,93,2,8
24,67,12,79,65,56,10,70,94,38,28,81,65,14,3,39,21,92,91,56,28,40,6,83,27,1,57,14,2,11,15,91,22,64,22,99,28,46,33,71,93
81,32,47,14,10,2,88,8,34,62,63,32,7,9,82,45,97,9,57,15,80,39,59,25,47,63,94,52,57,55,28,58,45,55,79,9,94,14,36,71,25
96,44,60,69,3,97,90,48,11,26,52,26,97,2,64,88,85,38,75,58,49,18,26,64,46,85,36,73,32,96,83,13,30,12,29,86,18,62,59,29,14
52,61,39,44,41,39,43,73,21,70,43,99,28,6,54,67,32,27,66,85,85,7,13,33,96,91,18,54,26,65,34,93,9,79,3,44,56,1,89,1,24
31,27,3,20,4,88,83,10,80,86,8,31,94,12,50,57,44,60,83,21,30,78,64,65,79,21,68,46,30,65,20,56,17,64,47,68,34,87,42,26,19
62,55,64,56,88,20,4,54,99,57,4,49,29,96,20,90,59,37,33,84,78,77,1,2,49,37,16,27,36,17,99,95,44,81,35,84,89,7,39,60,53

The initial sequence dependent setup time of each job processed on machine 7.
(Where rows denote jobs: 1 to 40 and columns denote jobs: 0 to 40.For example:The value of Sijk is in row j,column i+1.)
63,78,42,74,44,98,93,49,34,60,42,15,52,80,49,73,98,42,94,68,71,96,78,17,52,72,49,10,77,45,78,37,69,36,37,64,2,39,73,59,2
40,64,60,98,72,22,20,84,68,40,16,14,69,50,75,48,56,95,26,97,62,51,95,18,61,59,48,23,92,77,16,81,2,12,66,10,6,30,30,23,72
80,32,21,25,92,32,16,55,51,83,30,10,54,4,12,42,6,30,50,42,36,78,10,1,68,82,55,25,38,34,1,40,86,29,87,5,87,9,11,67,6
64,84,31,22,60,42,33,66,86,1,47,63,81,56,45,27,91,70,75,37,52,71,88,10,61,83,26,98,47,25,70,11,13,99,59,48,91,7,27,36,23
10,55,71,22,25,96,83,28,98,32,50,45,88,13,48,53,6,85,12,42,20,6,18,15,95,22,44,39,86,33,21,89,14,64,97,57,65,39,56,60,14
38,23,75,25,67,81,27,76,67,14,3,78,75,92,53,30,18,93,47,81,73,70,59,47,79,53,62,48,4,63,46,3,44,91,6,42,82,17,21,8,30
6,70,52,21,6,34,79,63,62,29,74,37,81,78,5,22,24,86,35,88,70,29,93,37,15,99,62,5,14,4,50,91,49,80,24,18,92,59,46,51,75
29,68,36,45,7,72,84,92,69,28,64,52,72,1,34,54,79,98,99,26,30,40,95,90,26,16,68,22,10,49,33,42,27,73,98,40,59,36,54,63,16
24,55,29,62,2,72,81,51,43,21,53,11,56,96,88,82,17,84,74,64,27,46,83,58,75,53,48,23,5,65,81,51,56,6,23,77,24,19,31,3,4
54,52,30,24,36,50,80,65,3,72,2,33,59,19,73,55,23,65,86,32,73,18,24,52,38,56,30,86,50,28,86,37,38,26,12,34,13,18,30,76,97
98,42,52,10,82,11,85,89,77,25,33,30,2,20,32,10,10,47,49,18,56,54,89,17,35,36,31,98,74,3,94,77,10,17,82,59,55,25,90,95,42
82,43,71,24,56,50,72,55,30,21,60,47,57,5,23,70,38,14,13,3,70,90,56,72,59,90,90,50,61,37,14,28,42,77,66,97,18,23,50,86,23
88,70,69,51,97,14,80,7,56,30,79,2,9,60,14,85,3,97,50,86,61,98,74,14,42,20,97,71,1,41,31,85,60,38,58,16,13,96,69,42,4
65,98,10,47,64,58,87,78,15,86,19,77,35,33,64,57,84,36,18,44,66,33,87,13,42,80,43,79,31,43,77,89,88,69,57,75,15,13,88,11,46
59,1,60,92,26,75,3,2,59,34,41,23,85,58,22,56,86,20,66,26,83,71,51,7,10,64,6,58,79,29,87,12,37,56,90,59,98,41,7,38,97
2,17,51,77,30,24,98,64,54,8,37,48,86,74,69,95,94,74,84,70,71,91,10,33,47,2,58,46,4,47,69,80,52,27,39,64,5,1,47,73,8
84,57,89,91,84,87,82,16,42,79,76,68,99,1,82,47,71,60,85,27,88,9,70,74,46,69,83,13,2,67,13,24,77,25,73,33,34,94,93,47,2
56,21,38,24,61,20,70,73,37,78,86,15,92,59,12,97,46,79,24,86,21,74,43,35,95,68,75,37,85,73,94,76,25,67,72,44,12,52,78,11,42
76,53,26,39,51,19,17,79,63,82,53,80,80,95,83,40,72,60,39,14,71,60,84,4,22,73,39,44,86,24,40,2,92,79,98,78,90,78,48,94,80
21,99,3,49,29,44,82,90,10,57,67,44,95,31,53,54,5,8,96,15,42,18,35,2,90,25,14,46,19,77,29,72,23,77,92,44,2,78,58,15,44
51,67,11,53,71,14,7,2,66,2,1,74,15,86,48,18,80,52,36,30,74,39,57,18,18,98,25,24,38,84,72,82,72,56,96,14,57,22,3,82,69
87,69,13,32,27,52,69,98,64,11,77,11,90,86,33,58,42,48,19,38,81,31,69,50,95,73,15,63,59,43,56,26,66,9,63,97,12,69,43,9,42
64,34,34,8,12,21,74,53,53,12,94,50,29,4,69,84,9,61,2,84,85,25,88,44,2,52,55,7,25,62,11,92,92,22,37,20,35,76,24,65,65
94,76,72,8,92,44,86,59,6,55,40,14,37,38,81,2,73,33,63,96,87,62,71,2,9,43,64,79,24,35,74,8,82,49,55,24,65,85,91,83,61
11,28,62,21,56,42,93,12,12,85,48,90,32,80,27,85,81,76,98,48,64,13,4,24,96,40,53,48,84,60,23,49,54,6,11,34,69,21,40,61,64
57,89,27,7,72,13,61,38,52,27,43,78,56,24,87,98,72,24,54,62,35,90,60,74,57,39,83,14,70,68,94,74,4,62,72,16,69,40,18,56,75
70,35,74,95,72,77,30,83,35,76,66,61,15,59,39,14,31,37,60,89,12,16,11,83,74,31,58,87,87,48,90,52,7,20,9,58,52,22,63,66,36
80,29,48,88,65,89,69,63,38,1,15,25,66,33,41,38,26,8,5,55,92,85,64,59,72,99,2,93,11,33,52,88,43,56,71,11,48,89,21,53,95
84,68,67,3,41,69,35,33,66,30,23,90,27,4,36,4,37,27,12,12,33,62,97,82,26,35,26,1,58,16,86,62,28,38,59,24,75,98,72,69,40
9,94,41,72,26,79,75,16,94,73,27,56,39,27,87,11,22,31,17,64,69,53,48,56,84,16,8,38,79,27,1,86,32,34,88,52,85,81,33,19,61
72,77,28,18,82,57,1,98,13,13,29,51,84,16,41,32,41,99,44,47,34,76,78,32,47,50,90,29,57,33,17,64,33,23,89,12,8,76,22,43,40
86,57,93,92,67,41,24,24,64,79,71,45,47,52,68,39,37,14,72,17,52,82,65,5,81,2,86,28,17,19,13,43,4,45,12,13,96,68,90,32,96
26,55,71,89,26,80,60,77,25,86,26,80,49,93,96,60,37,88,52,92,74,24,76,70,66,2,48,50,26,39,51,80,17,30,76,11,37,78,45,58,64
79,43,29,7,21,9,64,35,46,3,52,16,72,11,60,78,68,93,22,39,1,75,73,59,89,6,33,91,33,20,49,85,52,30,12,5,31,8,54,77,66
29,76,14,87,56,32,94,55,68,67,35,23,60,77,12,35,12,86,34,42,76,41,87,73,22,17,85,29,78,9,57,27,90,80,84,27,2,2,67,11,72
11,14,78,3,67,40,91,48,4,9,46,78,42,56,23,62,60,58,99,89,83,95,48,54,61,23,9,64,98,31,83,17,21,73,91,16,80,17,6,80,14
18,87,36,39,76,19,92,43,86,77,78,84,95,38,98,33,65,93,25,19,83,87,58,55,57,94,29,77,69,62,51,34,95,71,68,35,35,15,43,52,79
99,46,54,80,47,27,52,50,55,6,28,89,47,32,6,7,16,49,45,59,37,62,83,51,76,49,8,88,71,98,89,53,95,59,88,30,55,92,17,91,19
19,50,52,81,96,56,40,69,85,82,94,90,68,95,72,85,80,81,61,89,72,94,69,73,3,73,8,88,54,53,7,43,37,16,40,88,7,85,74,83,4
64,78,51,7,28,17,22,16,54,52,69,18,23,39,16,59,81,58,95,44,89,57,93,42,98,36,86,94,99,43,7,81,55,7,34,9,31,41,91,98,66

The initial sequence dependent setup time of each job processed on machine 8.
(Where rows denote jobs: 1 to 40 and columns denote jobs: 0 to 40.For example:The value of Sijk is in row j,column i+1.)
18,46,41,36,86,27,51,50,82,28,98,24,31,63,60,92,33,40,77,26,93,31,22,37,61,71,91,64,50,91,58,66,87,87,95,26,44,80,72,8,62
97,31,81,87,49,27,48,14,52,20,67,86,67,60,49,9,44,47,51,36,84,24,84,81,84,11,41,59,93,80,56,43,19,90,43,17,42,80,83,90,55
91,68,33,98,61,21,92,23,67,38,21,37,77,42,2,27,23,13,57,87,55,81,59,7,78,94,55,43,98,18,90,74,29,74,34,64,91,80,71,54,41
35,48,31,47,27,19,61,19,59,32,36,2,6,14,33,94,78,83,77,63,16,71,89,2,95,55,26,85,69,99,7,55,98,9,32,67,82,6,44,2,46
84,90,60,81,31,39,14,67,72,14,28,69,92,7,98,68,35,4,68,86,18,46,51,16,42,21,35,60,84,55,27,34,87,34,39,61,73,61,94,26,31
2,99,36,33,23,22,72,90,79,80,38,61,67,40,75,74,15,67,65,10,60,82,28,11,10,59,37,4,36,67,31,29,36,51,19,2,2,39,19,18,5
81,40,9,7,72,89,22,32,41,56,17,72,79,12,88,87,79,80,86,17,36,36,8,45,78,44,70,71,90,49,49,21,63,60,67,64,48,13,81,95,66
35,68,93,66,83,13,62,72,52,69,32,44,53,82,45,92,19,2,68,44,24,78,6,12,68,88,38,64,91,27,95,12,68,28,68,81,78,11,73,67,29
47,40,95,84,73,20,56,52,60,78,83,53,65,83,61,84,68,67,42,14,31,74,86,52,95,47,48,45,47,65,86,54,97,3,84,73,52,1,61,23,72
15,41,9,26,4,81,48,91,81,23,84,33,60,1,79,32,29,36,63,48,1,22,1,41,22,48,44,70,72,43,61,63,23,13,14,95,6,44,55,15,40
76,40,53,32,84,57,94,4,87,74,2,93,77,10,96,50,53,80,96,80,74,89,48,14,70,70,48,74,67,37,99,34,16,90,26,21,98,86,65,46,71
63,92,51,64,83,83,79,73,37,48,74,38,82,92,22,48,12,40,72,9,86,9,2,91,70,79,60,87,20,61,68,54,52,79,4,80,52,18,46,68,28
29,58,73,19,63,85,39,69,80,81,22,14,9,97,40,55,3,71,51,99,92,37,1,5,7,58,19,27,67,9,82,51,71,12,54,50,93,28,3,66,43
14,97,96,25,12,4,12,62,65,83,66,17,57,15,36,79,28,12,52,53,8,78,96,58,85,8,52,36,24,43,27,4,76,51,68,96,41,98,56,7,14
73,16,65,4,15,24,47,35,63,59,9,11,3,36,27,28,89,72,74,24,78,36,73,71,94,3,55,89,95,76,12,39,65,57,63,16,77,37,67,82,41
23,66,87,64,59,56,73,83,88,89,97,70,38,74,3,81,31,8,51,67,49,81,24,23,75,18,37,7,48,34,15,32,23,57,39,75,2,12,50,4,42
34,68,22,60,74,56,90,66,85,68,98,18,27,8,73,27,19,65,72,21,83,47,15,71,57,50,18,66,17,97,42,4,90,15,23,10,43,19,86,21,34
73,58,40,2,26,22,28,14,7,93,14,81,38,54,34,64,42,21,87,69,65,29,27,12,55,8,67,27,67,44,74,37,96,20,98,18,65,66,65,41,69
32,23,86,53,99,80,76,75,42,40,66,78,23,11,16,1,13,10,60,8,28,47,84,11,49,42,50,56,43,74,55,38,4,20,55,54,76,50,19,3,52
3,40,78,23,82,70,65,41,83,20,6,88,43,93,58,96,18,19,87,91,48,93,90,63,91,86,99,76,65,16,11,31,33,10,10,75,12,84,41,28,53
9,26,9,83,15,53,50,16,5,55,47,94,10,57,42,65,43,48,65,21,86,67,99,64,2,71,40,20,10,30,59,66,68,69,10,37,28,73,63,81,88
44,89,30,19,53,26,63,88,48,63,98,30,67,75,93,84,49,97,51,52,39,22,52,98,35,13,81,70,85,93,42,2,15,94,94,92,97,84,85,36,79
27,38,25,50,5,51,37,29,14,87,13,85,19,20,89,50,77,29,54,42,21,71,90,2,36,88,89,16,26,82,71,69,91,21,99,55,93,82,38,43,16
96,11,72,54,25,62,61,77,39,58,13,50,18,58,46,46,54,69,82,69,29,85,45,49,53,10,30,75,78,59,2,86,40,5,67,13,59,32,80,5,5
91,31,79,51,43,60,94,26,7,70,55,90,84,90,85,7,90,56,19,90,53,18,51,44,55,13,30,7,18,5,59,8,92,23,55,61,12,56,7,5,4
24,59,68,17,34,20,31,51,63,63,26,76,20,4,35,33,81,1,69,6,93,31,26,47,80,64,42,60,58,29,66,3,12,70,1,83,77,83,92,87,52
67,29,92,78,17,14,70,8,13,40,59,12,78,93,30,26,25,79,87,48,30,21,9,53,44,16,21,89,25,48,70,51,16,81,46,79,44,67,54,78,71
85,11,96,31,68,66,2,70,70,57,18,55,28,74,22,55,58,66,28,84,33,77,24,13,4,91,4,64,31,79,2,17,34,36,50,48,1,66,84,63,6
29,87,74,88,60,17,56,28,15,66,58,43,69,59,50,43,51,81,26,45,80,66,81,59,43,34,77,50,68,13,46,72,95,61,86,68,15,87,27,50,71
73,25,2,81,60,56,59,79,83,51,73,24,9,93,56,41,14,12,24,94,48,14,27,5,35,95,78,90,24,22,13,74,83,65,72,4,85,83,49,44,26
63,52,72,3,75,40,42,2,13,82,46,11,49,15,14,35,18,56,26,48,92,37,17,93,68,19,2,85,68,28,67,16,47,98,94,72,69,90,75,16,14
85,23,33,97,75,73,90,95,44,18,33,54,65,6,26,97,50,79,16,56,14,2,91,30,90,57,3,63,17,41,90,12,59,75,17,62,61,33,65,91,13
23,37,81,96,92,66,5,11,50,62,91,92,90,32,59,66,21,89,77,66,77,78,73,13,60,46,30,96,19,48,84,37,46,83,98,45,67,53,92,84,27
13,45,54,61,52,51,26,76,13,33,46,5,87,8,38,30,65,5,30,97,47,83,79,67,43,38,16,90,3,22,86,40,81,76,12,2,24,97,65,19,25
24,59,92,39,9,2,9,61,39,14,50,92,4,45,43,19,52,37,71,29,11,52,96,94,90,40,51,23,42,90,75,30,9,44,50,3,5,59,60,47,49
36,90,44,12,68,5,36,81,48,98,70,76,94,15,96,6,89,96,35,40,70,95,55,91,50,47,30,68,48,56,4,53,94,2,40,84,9,88,61,44,70
12,93,80,60,52,71,80,42,71,1,59,23,24,10,48,92,99,97,88,13,96,26,49,85,10,43,72,26,19,78,34,49,5,43,30,24,73,59,85,99,33
41,37,79,96,4,15,93,2,63,24,70,75,17,78,74,87,29,16,33,75,29,15,32,99,30,28,49,87,78,83,53,83,70,72,44,16,77,69,44,51,18
15,66,98,18,37,30,95,26,46,94,55,83,61,54,26,28,81,23,62,46,12,56,60,95,70,44,81,55,63,22,34,15,38,84,23,95,2,96,26,81,32
51,2,7,91,23,68,26,63,65,80,59,50,96,38,76,84,34,62,67,62,49,66,2,56,23,80,65,91,60,96,94,93,10,15,91,86,13,85,38,86,82

The initial sequence dependent setup time of each job processed on machine 9.
(Where rows denote jobs: 1 to 40 and columns denote jobs: 0 to 40.For example:The value of Sijk is in row j,column i+1.)
3,92,21,32,47,77,7,98,66,32,91,98,36,4,47,4,30,37,89,30,29,31,11,17,87,16,43,22,11,62,28,81,42,19,95,21,74,4,1,23,47
3,27,38,32,48,27,45,83,93,71,25,54,93,83,79,31,21,74,11,78,88,80,29,42,2,31,12,86,58,81,23,11,82,2,18,65,87,47,43,28,10
13,47,29,53,11,30,67,19,89,58,6,23,50,12,75,70,36,8,13,23,66,44,74,48,36,56,86,28,62,16,30,54,18,34,6,41,42,65,44,27,93
82,14,5,19,67,4,89,90,14,79,57,80,31,6,11,28,57,42,89,67,74,86,70,6,35,45,16,65,97,29,87,78,61,93,8,24,81,31,51,85,22
59,69,41,51,19,28,8,20,95,98,11,38,84,94,3,78,74,1,90,17,51,41,29,27,70,78,56,48,82,23,88,46,30,89,55,46,58,50,36,78,41
95,35,89,62,12,90,29,45,16,94,69,73,50,43,10,45,94,86,98,74,35,45,93,54,32,32,45,63,52,98,82,75,72,29,96,13,18,1,37,75,13
76,50,83,12,52,13,70,5,99,49,83,85,5,41,86,59,69,41,57,80,46,56,24,96,45,49,48,44,41,95,40,64,39,38,87,88,42,6,74,80,99
19,87,55,11,67,51,92,89,30,50,59,79,84,11,68,57,18,97,4,22,70,88,71,42,21,34,84,63,85,64,80,58,90,36,20,16,69,44,43,64,97
97,24,2,92,43,16,50,11,32,25,65,57,46,4,12,15,78,53,8,18,32,67,71,85,12,65,30,28,62,52,75,64,4,67,53,86,41,40,93,48,99
87,82,41,7,58,23,60,16,47,49,94,64,24,62,87,46,81,40,68,41,5,88,41,23,31,23,28,62,87,49,81,45,89,98,99,63,40,73,2,97,62
74,78,5,19,60,62,3,67,6,68,92,60,18,31,86,77,60,37,21,59,45,22,56,53,79,56,54,43,24,1,36,96,33,62,62,29,1,33,10,80,40
40,15,65,98,16,1,55,55,75,30,9,78,14,8,52,5,98,33,40,24,57,53,70,57,8,25,23,20,35,94,50,24,65,44,34,48,51,13,96,64,12
95,97,92,26,8,24,65,17,83,74,83,87,33,39,18,68,36,94,43,93,80,12,60,2,98,72,64,66,9,30,78,40,65,31,92,5,68,86,36,27,20
69,7,86,4,16,86,69,40,75,71,28,29,89,84,45,17,12,23,25,38,3,79,36,30,7,97,28,85,74,60,72,44,52,89,48,62,98,85,48,41,22
15,19,82,58,90,86,96,36,92,65,46,62,60,23,72,63,84,39,41,20,69,37,9,66,29,13,98,25,23,76,95,16,62,10,85,85,77,19,81,92,86
19,60,75,70,31,1,36,61,11,67,41,85,98,63,42,78,95,2,69,71,57,16,24,84,11,46,8,91,50,36,42,11,81,87,7,72,61,55,97,11,62
1,65,68,25,19,33,48,10,82,93,15,99,41,44,6,11,40,41,90,51,21,55,89,10,37,97,97,91,57,50,82,32,50,24,22,48,50,40,54,77,39
61,55,30,70,93,74,74,20,66,63,84,65,69,98,77,8,34,46,31,17,92,84,15,62,85,5,42,39,85,64,59,83,39,89,9,22,34,88,15,53,31
26,62,40,51,47,55,68,12,12,15,11,32,29,56,59,48,14,59,54,91,2,55,17,98,24,76,17,81,86,81,50,76,98,97,73,53,31,71,83,97,62
17,47,18,1,8,4,26,58,10,76,16,18,41,2,52,13,21,99,68,50,51,18,55,58,36,31,36,47,25,94,24,81,66,58,85,46,81,97,9,2,72
4,82,90,4,23,82,35,47,68,76,34,90,5,46,51,80,72,85,2,43,97,59,74,24,48,93,2,91,27,37,57,98,65,22,24,27,84,62,17,86,57
51,80,40,24,12,52,15,45,23,25,95,43,96,19,43,21,81,47,21,30,5,64,82,19,77,27,88,91,47,63,24,55,52,6,93,93,64,73,11,4,23
49,2,83,88,68,55,27,23,72,69,59,95,24,8,48,73,93,36,53,81,27,55,15,75,57,23,15,21,33,45,80,75,89,15,94,79,12,81,34,43,8
97,20,22,70,89,85,46,42,88,35,86,73,87,79,55,9,1,17,86,14,51,40,75,99,97,64,54,59,45,44,72,58,44,51,8,7,88,99,16,27,51
50,76,33,82,55,33,31,77,45,48,43,57,3,89,28,13,92,72,6,21,27,95,69,60,8,89,1,37,51,82,97,97,99,22,94,28,60,27,4,72,93
93,31,25,56,46,96,68,86,11,69,74,12,22,67,77,8,2,55,63,74,6,50,62,15,8,99,97,83,46,69,85,52,87,9,86,54,1,42,63,53,61
26,1,83,75,71,48,56,44,52,20,11,37,87,80,29,63,65,99,2,11,95,32,29,61,90,88,62,25,84,65,74,51,35,57,55,38,38,94,81,71,92
56,81,7,9,76,16,34,34,41,92,49,87,25,18,80,43,63,97,38,89,93,34,91,10,23,5,35,92,52,13,41,8,47,5,82,47,95,44,41,72,26
2,65,58,94,4,93,85,66,71,58,28,53,49,82,60,94,20,21,46,86,35,31,62,67,31,84,30,50,39,39,90,10,64,64,3,16,84,92,91,41,89
15,92,60,38,92,14,43,21,84,5,83,66,85,47,42,64,68,38,22,65,76,91,90,50,56,48,64,35,64,4,28,19,15,16,11,47,13,43,23,18,93
82,41,42,51,48,46,7,55,99,6,63,26,29,85,10,86,21,31,8,36,84,62,34,84,36,38,89,89,94,20,47,35,47,33,86,87,52,3,17,44,31
53,95,54,39,38,91,8,93,90,73,65,70,6,80,88,4,10,40,88,58,40,96,68,38,66,33,38,88,30,17,66,65,40,3,80,4,56,93,18,30,86
35,60,67,70,54,15,98,74,9,75,79,83,13,46,22,7,18,89,40,60,39,94,64,73,91,44,62,63,39,83,94,91,43,35,79,3,15,14,19,1,75
29,32,64,31,12,32,13,29,42,7,67,40,53,22,60,33,96,85,64,61,73,86,70,48,64,43,27,45,65,67,58,5,3,12,12,78,19,72,48,42,78
77,71,40,11,85,3,12,11,53,75,81,9,21,49,37,88,13,54,32,96,8,35,64,50,98,49,16,53,61,28,86,3,62,92,34,83,41,80,15,61,63
47,38,24,87,69,71,69,24,29,66,2,83,40,16,17,92,82,23,68,38,97,90,27,60,22,22,75,75,11,20,26,81,15,60,23,18,31,87,21,53,70
74,89,20,30,15,15,81,24,78,44,49,62,22,33,10,62,91,70,11,31,34,11,51,44,25,58,91,33,90,57,8,16,28,19,44,40,42,61,97,24,94
96,19,90,78,87,37,31,97,38,13,6,97,9,76,29,45,46,30,48,55,8,11,87,45,66,51,92,45,74,11,69,76,22,36,92,89,59,32,36,87,11
11,28,66,34,64,12,70,44,27,14,39,46,99,48,93,5,21,17,51,42,40,62,36,52,87,14,23,17,97,57,86,20,81,38,24,46,73,90,11,30,68
23,54,64,69,27,41,35,86,25,49,82,46,60,27,51,8,60,3,51,97,61,32,12,27,98,35,41,99,88,13,85,17,48,86,85,45,65,88,10,91,81

The initial sequence dependent setup time of each job processed on machine 10.
(Where rows denote jobs: 1 to 40 and columns denote jobs: 0 to 40.For example:The value of Sijk is in row j,column i+1.)
83,82,87,64,78,39,76,97,93,22,43,43,14,52,57,78,80,43,44,54,64,50,4,56,5,69,94,28,71,23,27,36,50,24,24,57,75,94,21,42,3
77,61,44,25,23,11,85,58,30,17,68,62,30,58,58,60,77,88,84,53,83,19,17,22,86,34,22,3,68,4,32,12,73,85,91,12,25,28,35,38,98
35,14,39,56,29,97,25,88,60,69,31,10,40,91,1,29,68,49,58,33,17,33,58,65,5,32,3,67,32,39,20,95,92,68,88,33,61,56,10,69,53
13,41,67,44,87,99,2,91,82,12,97,23,62,43,69,55,34,58,24,63,54,33,44,86,4,20,33,70,80,90,84,66,47,6,93,38,43,52,38,25,47
59,80,68,65,73,30,92,74,48,86,81,37,88,56,50,11,61,5,78,37,73,78,38,94,51,42,59,35,71,86,65,85,27,68,67,45,65,46,71,43,41
84,49,86,98,80,54,7,11,75,56,32,18,64,6,41,48,75,82,74,29,63,28,11,94,58,27,45,61,55,66,81,93,1,71,58,8,10,50,92,61,60
72,58,33,43,55,27,87,2,62,5,63,31,51,59,16,48,11,61,29,75,86,6,48,3,25,53,93,40,35,35,85,71,47,55,66,71,84,57,70,90,29
1,36,65,84,96,12,50,53,35,92,88,1,53,56,77,53,59,51,15,99,15,54,31,22,5,97,75,16,29,1,13,19,92,67,77,41,53,55,77,82,99
4,65,79,81,75,38,44,18,18,71,54,61,44,19,68,50,10,58,87,91,1,97,53,80,35,75,89,3,81,73,62,68,31,79,67,17,71,45,1,55,76
87,82,70,37,8,63,5,49,23,29,72,51,36,38,38,86,93,7,11,11,84,90,59,22,3,4,71,19,64,52,3,18,8,23,47,74,38,55,19,38,72
34,49,6,27,29,69,81,8,46,43,64,73,71,43,27,84,94,8,33,33,88,55,52,85,9,61,9,39,62,37,27,12,85,63,60,55,22,16,8,33,56
49,98,76,22,91,15,57,80,67,72,69,59,7,65,97,10,5,62,71,35,35,52,64,81,91,95,75,83,97,3,38,92,32,19,19,40,65,86,43,39,66
79,40,43,90,45,23,81,83,88,51,2,76,82,26,84,39,67,52,14,68,56,5,74,69,8,84,81,76,25,25,38,96,3,3,98,32,80,70,14,72,46
93,36,31,20,35,16,52,9,67,91,65,61,12,92,80,7,8,70,3,65,96,72,90,62,3,10,5,83,50,75,75,80,39,92,57,66,57,74,64,30,78
32,75,92,78,1,35,64,70,85,54,31,31,99,58,29,24,61,59,14,70,30,9,10,44,47,3,64,83,36,44,28,27,68,38,38,83,73,86,2,76,52
59,38,32,33,17,71,40,22,97,25,22,91,33,21,70,41,40,24,5,84,72,98,54,32,51,63,3,45,16,23,54,46,46,5,87,62,2,91,58,99,20
66,90,21,66,23,86,13,36,5,17,34,91,99,94,39,55,80,37,49,59,11,88,63,9,34,31,11,72,27,13,14,64,56,32,32,88,59,1,74,58,20
95,63,3,29,90,19,40,81,64,96,77,57,78,39,10,76,66,81,44,41,16,14,57,59,20,56,73,87,26,6,97,93,36,59,32,3,33,36,32,65,33
35,99,75,44,64,17,37,42,83,65,83,92,57,29,76,57,97,46,27,71,91,4,6,16,35,96,68,1,67,25,97,69,91,40,47,64,19,46,94,46,78
38,98,10,19,40,62,76,9,6,79,70,44,87,28,39,34,34,79,44,86,88,41,72,49,83,5,29,80,68,16,86,34,52,73,82,53,26,87,77,20,21
82,92,38,81,19,51,6,86,61,45,5,16,38,45,21,98,91,30,57,96,14,95,75,18,54,71,63,62,2,18,49,15,2,18,9,3,34,71,1,19,13
60,78,9,80,87,65,75,69,27,99,21,85,66,32,86,81,94,7,27,51,53,32,65,20,86,12,89,9,35,30,78,11,52,84,64,51,5,50,92,36,41
82,8,55,92,25,5,88,82,68,23,84,57,30,2,25,38,2,40,62,77,8,18,66,53,17,53,1,73,13,72,4,56,87,5,45,39,41,64,22,11,17
43,48,99,24,54,11,88,11,76,72,28,90,31,13,18,45,96,60,98,27,63,86,11,22,11,84,20,5,74,6,86,12,52,2,91,31,70,83,81,30,79
82,50,49,62,77,57,74,36,74,35,39,53,21,71,62,51,61,19,39,41,45,32,61,1,10,59,65,22,12,65,19,52,34,43,3,61,53,94,50,99,19
10,11,86,78,56,56,86,84,81,76,41,38,5,84,35,38,3,9,14,52,17,40,7,85,64,14,36,99,55,93,31,20,93,7,61,89,18,38,15,50,35
64,2,13,13,86,6,24,85,27,33,68,71,17,54,73,68,7,78,67,86,14,36,75,77,52,80,27,87,66,5,83,98,7,83,37,95,29,63,84,1,78
63,91,30,68,43,90,41,82,87,57,17,49,56,44,5,98,13,85,99,41,62,25,51,38,14,69,44,5,78,36,52,75,94,55,91,61,44,22,64,65,13
14,92,64,24,47,50,58,30,61,47,39,60,33,55,70,88,3,37,17,25,33,71,38,59,12,82,24,41,57,61,53,44,67,9,21,49,15,63,84,59,51
28,98,38,36,67,87,79,51,6,90,51,82,50,63,58,57,19,66,92,21,13,16,73,99,32,35,42,17,48,51,62,88,66,88,25,85,90,85,39,33,34
87,29,68,12,44,10,59,54,10,82,28,68,74,8,61,80,5,26,67,46,39,33,38,72,37,10,27,70,21,83,95,76,81,79,21,43,27,23,80,46,67
2,88,2,53,28,63,61,51,42,63,86,34,12,68,27,27,10,80,27,21,20,22,87,80,7,46,82,72,25,72,48,17,62,86,7,20,15,56,64,69,6
94,32,69,8,88,62,70,45,23,57,96,51,27,1,29,99,99,7,64,72,73,33,96,57,65,87,90,70,74,15,80,4,7,78,6,69,22,73,17,10,88
53,41,79,43,73,80,20,23,90,80,52,70,90,74,93,59,19,16,21,97,85,47,28,22,2,73,83,84,46,33,40,77,33,89,48,50,83,55,26,46,67
76,18,93,44,11,42,50,90,70,73,55,45,63,52,32,5,82,47,21,74,25,81,67,69,68,52,66,42,55,45,9,72,31,54,26,85,20,52,68,96,97
97,18,44,69,53,15,27,47,55,40,94,75,7,82,90,53,68,58,76,34,50,38,84,85,74,72,93,34,63,57,11,31,78,6,40,41,13,7,34,90,74
29,83,23,73,19,97,64,25,97,91,1,84,51,82,18,15,47,71,8,81,69,80,61,83,53,73,45,25,75,63,35,18,94,10,86,39,83,70,60,87,93
22,59,41,7,82,81,1,12,39,41,91,12,99,72,53,32,5,8,33,56,97,51,48,32,58,44,70,97,89,47,71,99,11,51,89,96,86,39,89,33,39
46,60,21,85,44,29,30,32,8,8,13,24,37,29,36,41,13,23,43,10,73,49,42,1,18,37,5,53,25,97,46,88,69,16,86,52,7,30,75,74,94
69,21,86,60,88,59,40,16,21,53,40,56,69,45,83,48,40,95,67,8,73,11,73,80,95,66,67,67,31,74,15,62,33,95,30,19,53,11,62,85,11

