The number of jobs:
60

The number of machines:
8

The number of workers:
3

The processing power of each machine:
(Where columns denote machines: 1 to 8.)
2,19,14,15,16,14,17,18

The idle power of each machine:
(Where columns denote machines: 1 to 8.)
7,3,1,9,2,10,3,4

The initial coefficient of each worker on each machine:
(Where rows denote workers: 1 to 3 and columns denote machines: 1 to 8.)
1.5,0.75,0.5,1.25,0.5,0.5,1,1.5
1,0.5,1.5,0.5,1.5,1,1.25,0.75
1.25,0.75,0.75,0.5,0.5,1.25,1.5,1.25

The basic processing time of jobs processed on different machines:
(Where rows denote jobs: 1 to 60 and columns denote machines: 1 to 8.)
93,62,80,3,63,2,23,33
5,20,29,19,44,58,9,89
81,70,24,18,80,57,2,83
51,31,73,12,96,71,45,38
79,59,4,95,45,47,43,95
50,65,88,12,83,81,68,79
79,64,53,22,53,16,21,26
25,45,35,11,25,21,79,4
21,23,36,3,26,97,84,47
13,82,26,43,3,26,34,2
91,91,98,62,13,20,15,2
8,54,70,73,24,90,29,55
28,42,36,43,36,95,95,12
94,40,52,95,89,40,36,28
35,99,47,90,10,9,32,24
46,16,4,23,85,76,31,30
2,5,17,56,30,92,48,99
6,24,73,7,13,57,86,7
33,44,66,1,55,3,84,20
68,71,89,82,35,12,84,42
30,95,17,46,79,5,75,46
73,37,6,54,26,52,95,44
71,82,21,14,60,82,93,52
68,53,4,57,19,88,1,74
62,89,90,62,42,82,75,60
5,8,28,72,3,65,33,79
39,92,39,67,89,76,44,60
25,17,99,17,32,47,25,23
22,61,77,94,46,46,12,55
56,3,95,62,23,38,33,51
48,23,72,56,41,1,77,78
12,54,69,82,46,30,26,65
55,18,98,83,26,71,34,27
39,35,59,16,98,20,27,84
58,59,85,32,76,26,52,30
47,99,56,61,92,37,33,98
34,80,72,98,61,37,75,18
80,9,25,32,47,14,91,59
33,38,21,34,55,62,70,38
93,52,78,33,71,58,65,5
77,85,29,57,45,48,4,26
32,53,1,42,15,65,76,90
54,7,29,47,28,99,75,87
86,99,69,23,53,91,23,37
5,42,13,56,38,27,3,32
32,68,70,64,59,6,13,53
51,94,52,42,3,60,13,79
15,99,16,64,5,89,29,11
90,41,56,18,32,68,38,15
61,32,96,11,5,34,79,43
93,16,45,30,76,38,71,68
27,42,3,87,6,54,70,21
20,31,33,99,25,4,74,29
74,29,53,79,65,7,26,13
39,57,45,7,97,48,53,6
54,37,10,24,50,29,64,50
89,88,27,72,32,62,31,92
95,25,67,51,72,33,58,45
79,7,93,72,46,63,59,29
18,9,1,59,89,44,76,63

The initial sequence dependent setup time of each job processed on machine 1.
(Where rows denote jobs: 1 to 60 and columns denote jobs: 0 to 60.For example:The value of Sijk is in row j,column i+1.)
63,29,28,45,68,23,26,61,87,48,9,17,97,2,82,57,85,93,33,8,74,41,58,99,35,92,88,5,54,83,94,69,45,5,85,46,68,45,56,57,7,35,39,95,73,35,68,88,17,17,15,3,66,11,83,65,70,2,31,88,24
13,56,98,20,69,83,77,6,94,10,55,55,25,16,39,66,79,17,26,9,98,46,41,90,2,82,2,10,55,13,14,7,95,15,57,89,17,16,68,44,93,95,54,13,59,54,88,19,57,93,69,29,21,54,79,37,95,8,61,30,20
32,54,49,11,25,82,18,77,17,89,66,3,7,96,97,25,11,35,63,67,58,40,1,11,1,89,82,18,31,71,99,57,22,92,70,37,81,67,42,75,97,29,3,51,28,71,74,28,16,84,99,25,78,94,17,90,56,40,27,70,38
95,79,62,16,80,77,6,63,3,39,35,47,2,91,85,9,12,38,52,45,23,70,37,22,26,26,88,71,29,2,65,99,39,21,30,57,63,41,92,78,79,24,45,88,5,78,80,96,81,84,94,40,34,84,82,72,49,7,68,83,79
81,1,85,84,32,34,93,33,20,55,38,78,29,66,99,23,5,90,95,9,36,67,57,42,95,59,55,43,45,76,44,84,45,73,69,24,95,49,50,76,56,8,21,85,63,45,49,79,5,51,27,49,43,74,6,94,58,14,60,92,46
48,3,50,9,75,26,87,49,11,71,64,34,88,95,18,2,69,71,45,53,91,93,24,43,24,95,71,3,20,35,46,59,41,15,46,93,77,28,34,19,7,16,66,96,5,69,1,25,70,51,34,40,95,91,43,74,92,1,93,31,36
44,3,11,95,52,14,80,56,85,7,16,41,64,24,69,67,47,76,93,1,73,99,9,82,93,72,84,83,18,47,5,9,22,87,93,19,39,62,67,2,72,33,34,44,89,84,1,33,93,85,47,55,71,78,87,74,49,27,1,90,92
36,90,68,72,64,23,67,58,55,58,24,78,60,57,77,75,89,94,18,20,41,1,95,95,68,8,53,7,86,66,33,7,22,87,52,59,56,28,11,90,86,94,51,95,52,52,86,21,18,1,37,17,38,98,54,19,1,42,51,68,1
56,99,91,74,50,16,6,20,95,69,32,58,30,98,9,5,3,42,89,96,73,91,69,76,61,76,95,19,24,56,54,1,85,45,79,58,75,85,44,26,63,24,66,92,4,15,30,58,2,12,23,10,5,33,74,44,11,16,93,41,76
2,57,46,71,33,83,42,28,91,62,2,71,90,23,33,36,74,68,14,22,47,24,42,26,91,42,62,41,22,24,13,36,22,43,38,52,93,29,12,72,93,23,63,79,16,35,86,26,80,82,54,60,28,15,53,70,81,91,31,63,64
85,82,16,2,28,64,25,13,52,78,34,33,57,40,60,48,91,11,30,56,20,23,67,75,22,45,92,61,94,77,54,76,29,59,27,24,65,90,14,22,52,96,34,91,85,93,84,91,5,16,98,5,1,44,30,51,14,8,83,86,83
56,78,99,52,85,96,78,45,98,26,51,82,44,31,67,29,69,42,34,6,4,91,72,60,37,41,42,70,96,90,34,39,17,18,29,25,11,9,31,48,57,99,27,73,35,1,90,36,32,76,40,81,98,10,87,40,88,18,44,13,44
48,68,83,11,95,74,8,48,62,3,29,77,53,75,94,91,78,66,36,51,84,6,22,30,3,23,43,81,71,20,82,59,32,1,36,78,32,60,79,65,87,93,57,82,19,41,17,18,11,96,65,4,72,42,66,51,49,59,83,1,74
92,6,9,3,83,12,14,78,75,50,95,1,32,53,18,71,37,49,54,95,1,27,6,31,14,26,2,36,7,3,39,99,30,75,71,24,22,25,69,73,47,33,97,27,39,86,65,20,18,56,35,93,33,81,20,77,8,47,52,67,27
17,42,57,23,23,87,53,34,82,93,8,59,82,95,18,45,70,16,93,88,61,81,15,2,57,39,85,33,17,11,94,38,56,28,55,69,48,47,53,84,4,96,48,53,93,86,90,56,61,97,27,13,29,39,87,59,26,18,37,3,61
47,24,56,41,73,69,20,82,62,61,75,65,31,47,54,26,9,51,11,5,81,64,10,60,61,54,71,96,81,27,85,42,48,10,60,97,68,14,80,85,28,35,5,4,87,67,89,90,8,65,65,63,45,62,15,49,61,12,40,63,68
7,32,59,79,96,36,43,68,2,37,46,78,86,50,52,89,99,14,82,77,22,21,40,56,66,95,42,27,42,85,1,63,96,62,15,89,84,15,87,96,13,75,56,52,4,4,51,76,87,11,17,48,66,45,57,89,11,15,93,94,12
8,64,47,25,64,11,75,75,32,34,18,87,94,1,76,45,59,12,33,87,99,30,52,43,66,3,22,80,79,68,13,91,59,56,20,58,35,85,65,2,92,81,2,39,52,92,65,83,19,26,16,92,73,73,88,40,11,45,44,27,80
55,13,21,52,41,42,96,11,23,46,59,78,49,76,95,24,77,65,91,81,88,93,76,45,91,91,64,30,35,53,76,96,52,83,27,78,78,97,48,11,43,53,3,44,98,97,50,64,77,98,75,46,59,15,64,2,83,52,82,21,11
95,5,56,16,81,77,83,81,59,31,92,56,36,50,37,78,36,70,2,30,95,17,79,34,25,97,89,54,89,27,62,29,11,17,10,31,9,84,38,98,54,44,75,23,40,52,16,82,34,6,28,29,88,71,2,82,69,35,58,50,55
18,31,89,73,21,54,87,80,44,58,81,19,5,10,9,95,62,74,40,25,98,99,23,54,87,54,78,8,48,44,65,96,8,36,37,52,88,12,26,57,94,39,83,73,6,44,84,92,88,45,25,22,84,24,65,40,83,90,79,22,42
40,15,45,42,96,46,96,83,36,8,98,36,34,8,96,57,65,60,65,11,17,46,90,20,9,59,77,95,51,71,9,75,5,54,50,70,16,19,10,61,16,1,2,5,81,11,59,31,48,29,47,83,61,23,48,62,16,34,54,27,88
43,5,96,5,13,43,91,62,91,74,41,28,10,13,4,26,57,93,59,7,57,20,24,79,54,25,43,96,35,56,27,56,90,35,20,35,73,66,47,22,62,88,20,41,61,4,64,46,88,89,26,43,61,64,34,88,93,21,95,86,58
33,35,18,2,63,64,5,12,87,32,84,71,26,54,23,18,64,50,84,67,50,86,53,67,64,12,39,81,61,12,24,72,16,79,10,99,5,88,10,51,86,1,17,27,22,9,66,6,59,76,60,65,87,52,3,3,64,66,28,95,83
55,11,9,26,63,24,38,61,74,34,27,31,41,14,77,17,12,12,29,72,56,56,90,7,71,75,73,15,95,3,29,44,76,11,72,16,18,52,66,69,91,86,39,35,10,96,89,61,60,89,66,45,35,27,17,86,37,4,79,48,14
9,96,34,17,4,76,46,81,86,57,95,59,18,73,40,59,80,45,88,64,23,77,29,98,68,96,73,98,36,86,19,38,65,60,76,22,97,70,37,19,70,61,97,44,8,38,61,77,67,76,60,41,98,30,99,9,78,37,82,70,29
5,16,81,74,54,57,85,19,55,48,93,26,10,34,4,15,45,84,9,58,60,13,78,38,41,14,99,20,61,76,5,35,16,72,47,71,71,72,24,39,15,45,12,68,80,51,75,8,78,16,90,93,69,79,87,64,41,9,24,62,11
20,50,5,73,32,55,71,51,69,74,26,70,72,45,69,62,29,44,93,53,18,31,11,46,81,3,38,55,77,60,60,89,64,67,44,14,26,6,38,49,7,71,22,81,83,59,71,8,83,57,7,27,51,16,87,55,33,68,26,4,33
85,25,14,50,11,61,43,94,27,26,39,64,36,23,68,56,4,94,95,60,32,27,12,75,51,51,42,58,31,12,81,91,58,3,94,25,69,4,3,85,63,69,66,70,12,71,25,58,74,87,70,57,61,16,50,9,22,73,80,89,89
65,6,42,8,17,5,2,96,25,79,57,6,68,72,30,39,36,41,53,60,34,30,6,64,63,7,41,98,1,43,30,52,16,80,50,15,88,22,16,35,99,41,66,59,6,2,72,83,2,74,55,73,72,85,11,32,51,33,23,6,27
26,48,10,30,93,16,23,13,78,81,26,89,59,2,84,48,23,2,41,42,51,79,30,98,46,36,92,3,27,49,57,77,25,34,96,49,38,73,8,92,8,2,42,72,53,70,98,32,69,96,76,58,9,98,84,57,49,2,90,79,38
67,12,18,53,18,75,67,97,12,85,98,40,38,53,69,35,32,72,57,82,40,3,46,65,51,62,93,88,36,53,26,89,93,50,58,42,29,51,51,42,58,86,39,59,96,8,54,85,19,35,53,21,91,13,28,53,11,37,33,10,3
25,29,35,69,33,64,4,25,49,79,97,52,26,11,80,11,91,36,49,63,72,91,23,81,14,62,97,39,94,78,62,75,25,35,10,87,57,92,4,22,53,88,7,43,22,12,13,61,89,78,94,75,33,29,18,14,7,69,97,15,8
84,76,96,52,58,50,96,89,50,76,11,79,38,77,3,91,11,80,5,27,63,66,22,81,61,54,13,26,61,33,71,16,59,51,81,15,3,19,85,66,34,10,61,75,11,48,89,51,13,9,26,41,45,18,31,78,40,86,45,10,37
19,4,88,94,3,31,52,30,88,77,14,95,15,20,48,86,56,9,33,46,75,4,90,54,31,82,89,93,94,59,53,56,40,83,47,15,45,45,10,69,25,62,70,75,76,34,2,33,89,24,54,36,56,23,43,80,46,74,25,73,83
84,3,62,2,67,78,35,6,90,86,59,80,66,2,62,19,90,99,44,55,61,17,47,92,24,7,40,69,99,68,23,42,53,56,50,19,54,8,21,62,25,6,1,83,16,19,38,59,46,35,1,18,38,45,61,96,55,77,1,98,55
2,62,32,64,12,79,74,76,19,13,69,69,93,83,57,3,33,34,51,56,88,69,6,21,14,60,83,83,27,85,51,76,29,11,20,33,22,3,13,9,5,34,85,99,62,50,73,19,81,86,85,41,50,83,8,86,60,11,7,36,75
41,83,51,31,95,65,8,19,77,87,37,11,10,85,2,88,69,79,49,32,71,80,59,30,16,82,80,73,78,58,54,75,55,5,23,57,45,23,3,48,67,60,47,49,94,20,27,99,91,14,12,91,44,90,9,81,83,56,11,24,19
90,29,21,33,4,18,51,57,76,90,74,96,61,81,43,17,24,20,1,4,42,94,12,91,24,54,16,17,71,22,36,15,23,8,11,8,22,48,42,26,40,53,91,4,29,23,66,47,17,24,75,57,69,38,28,48,66,5,1,27,58
96,21,44,54,67,72,35,79,42,35,19,88,49,31,27,68,94,17,48,17,51,84,73,32,10,74,72,44,39,24,66,79,83,58,87,29,84,1,4,27,22,64,19,51,10,69,45,44,38,7,2,9,81,46,84,88,43,52,91,32,99
93,53,22,17,19,50,50,15,59,46,27,15,44,96,17,44,92,33,91,46,67,93,67,56,39,20,1,83,42,76,89,83,99,56,68,2,26,65,29,14,58,4,8,75,4,87,22,18,59,27,69,41,50,46,30,76,52,79,84,51,64
45,14,22,93,51,52,77,20,96,31,37,29,64,5,80,6,89,54,92,34,23,92,43,88,33,42,93,21,25,59,15,88,15,44,86,65,6,12,18,20,35,49,76,35,33,12,29,37,45,9,22,66,11,4,49,32,33,25,20,60,33
54,62,25,28,44,81,10,91,26,63,14,83,41,38,4,4,10,4,23,51,24,1,11,31,84,92,4,90,75,78,26,32,98,49,78,84,50,47,98,52,1,56,94,55,24,80,76,50,12,28,22,87,43,73,32,72,75,3,29,30,12
60,13,67,13,80,89,98,94,47,9,68,53,30,82,49,48,31,10,87,55,18,86,20,44,73,50,22,80,29,82,27,21,17,46,61,54,27,66,98,4,37,22,15,33,55,20,6,66,61,72,54,44,78,26,80,47,90,19,34,62,17
87,70,15,24,40,50,9,75,68,42,90,60,30,12,47,94,72,8,27,78,95,95,36,83,69,70,64,35,52,2,63,90,19,42,23,39,55,3,6,14,65,33,85,67,86,86,3,4,39,31,94,1,22,90,45,46,71,47,44,71,50
53,12,48,42,17,49,56,79,17,26,67,87,99,28,2,82,25,23,52,98,1,73,26,49,76,91,64,12,20,57,32,76,78,27,86,13,10,24,97,96,48,55,56,33,47,95,95,40,7,35,29,81,31,96,95,70,2,41,62,25,96
72,29,74,33,67,76,71,43,45,39,79,1,19,50,84,64,30,78,28,59,20,79,2,57,21,1,50,93,76,59,67,50,27,2,56,13,41,38,20,10,96,88,80,66,75,58,28,4,37,65,48,6,56,73,80,30,36,95,98,5,11
69,72,79,12,41,37,77,43,1,41,50,52,83,66,83,33,17,48,54,36,78,79,51,6,52,99,23,52,22,99,84,94,96,50,46,38,61,92,86,66,18,62,62,5,71,15,33,73,69,9,78,45,39,52,99,86,30,67,84,10,26
81,1,50,37,39,91,29,59,34,84,90,7,44,36,46,74,84,6,41,37,98,18,24,1,89,93,4,25,68,3,37,83,85,54,58,92,99,57,70,41,40,11,23,11,61,23,60,19,96,64,39,72,36,79,79,75,40,74,64,93,56
54,4,78,51,4,19,5,45,53,28,94,95,98,99,90,95,44,12,21,90,66,8,56,54,98,67,88,91,74,50,49,25,84,56,66,53,10,80,58,86,80,12,57,35,49,54,85,6,18,66,78,32,67,33,29,86,20,7,19,25,91
27,91,84,66,19,65,76,75,36,10,77,13,1,63,66,89,49,16,45,23,22,4,21,45,52,67,31,50,78,40,47,9,91,23,32,73,90,80,46,28,20,10,84,35,19,73,70,99,9,48,3,66,41,46,19,38,79,40,14,77,95
54,71,36,45,28,52,32,84,49,30,24,57,49,29,76,2,97,68,80,74,52,52,65,9,39,18,6,52,33,32,57,75,21,56,8,85,31,55,4,47,23,36,80,70,58,75,95,3,3,98,59,7,91,9,84,30,95,1,98,30,50
87,1,16,35,57,87,20,32,76,67,57,27,1,25,46,84,73,96,77,37,40,37,87,15,53,12,40,8,71,95,64,82,61,89,51,38,61,32,15,47,30,83,6,21,36,78,84,87,48,88,71,23,30,40,48,81,21,14,76,11,18
36,45,51,88,88,94,31,67,13,81,60,13,62,27,75,73,84,46,71,4,60,10,44,81,92,3,41,23,85,65,60,25,73,75,97,97,7,8,5,72,3,26,38,57,87,9,69,30,68,79,1,57,64,57,54,78,41,25,13,14,33
63,66,34,83,63,69,27,8,35,11,59,63,17,85,91,4,12,66,59,2,66,6,56,95,50,60,31,37,78,70,1,55,76,67,15,33,30,89,51,19,92,93,23,18,88,58,90,73,43,61,98,6,17,78,25,49,33,41,34,13,95
60,24,43,37,99,34,15,29,15,5,52,33,82,56,19,36,98,26,33,24,15,1,88,12,47,40,1,43,84,87,41,83,85,26,32,63,68,1,76,1,50,54,78,77,22,52,1,35,35,27,8,77,82,54,56,77,92,1,93,24,19
54,23,20,69,3,19,30,64,97,16,29,89,30,4,12,23,38,41,89,25,52,42,12,13,94,10,50,71,96,17,48,92,51,71,61,24,35,48,83,21,69,31,77,21,43,4,20,60,34,94,55,69,63,62,22,90,15,67,43,91,70
54,59,57,22,45,50,82,34,64,20,97,66,68,37,56,39,41,55,72,64,41,34,9,24,83,31,79,52,94,59,71,97,94,36,80,85,67,28,83,75,51,57,31,2,6,17,14,48,76,16,45,80,47,89,65,90,24,27,72,13,1
88,35,77,13,95,87,8,83,21,37,29,89,78,97,20,8,92,93,50,16,86,19,86,94,57,48,45,62,1,45,33,17,9,90,95,22,75,81,1,74,24,71,87,50,99,95,31,15,25,84,65,8,22,30,92,45,60,87,45,69,65
89,98,72,63,45,4,84,27,47,8,50,95,63,30,60,78,16,24,1,18,54,82,37,88,96,56,85,26,39,76,29,38,82,89,38,14,35,49,69,26,7,10,83,86,90,10,43,16,12,12,51,98,35,54,24,38,39,97,97,96,66

The initial sequence dependent setup time of each job processed on machine 2.
(Where rows denote jobs: 1 to 60 and columns denote jobs: 0 to 60.For example:The value of Sijk is in row j,column i+1.)
63,46,86,94,5,1,67,31,78,15,21,75,7,68,44,77,23,42,72,54,34,8,90,36,57,16,56,84,43,52,84,87,20,65,47,70,39,89,30,24,53,72,75,15,14,19,30,83,15,11,18,21,33,53,38,75,38,21,16,69,74
80,73,84,46,9,9,67,60,71,63,29,23,35,91,6,75,79,3,33,13,59,65,72,68,12,11,21,36,24,9,14,47,10,6,7,19,29,94,72,52,4,48,94,59,5,16,6,21,66,92,14,8,14,94,17,85,48,53,64,71,18
32,67,52,45,42,55,30,94,64,32,23,66,66,8,84,17,46,22,82,26,39,54,54,16,81,65,16,98,54,70,11,93,94,62,14,26,13,19,52,49,27,34,39,36,11,43,32,32,24,66,1,71,49,97,31,88,24,55,19,36,54
59,56,42,3,16,88,57,85,65,26,93,5,30,79,48,65,4,41,48,9,90,79,28,80,37,21,21,24,11,76,79,68,21,70,91,42,10,80,80,1,30,85,8,69,18,3,75,33,79,99,62,28,8,22,11,99,21,59,63,91,92
41,85,98,96,60,45,87,12,62,92,41,61,87,36,91,3,17,91,7,39,64,12,78,50,49,29,81,84,24,77,17,92,46,11,74,64,4,29,51,5,16,19,35,5,92,28,77,74,9,51,11,67,27,71,92,52,88,6,24,49,11
90,76,75,92,71,93,2,88,86,31,38,93,1,90,8,53,71,67,70,42,77,57,10,88,10,40,25,83,63,90,34,68,80,37,4,8,44,8,98,9,3,96,54,29,16,83,80,17,12,58,34,86,39,66,37,43,41,25,67,80,95
14,81,69,73,79,4,71,44,65,64,31,52,28,38,13,61,92,87,40,48,95,37,58,22,48,69,61,36,80,29,13,74,27,97,63,35,3,3,90,1,42,60,95,4,99,77,17,80,8,72,22,50,28,18,21,22,80,13,28,75,64
48,30,30,15,26,58,75,25,79,43,12,44,75,17,76,86,19,50,3,21,81,15,52,14,36,33,70,46,72,67,70,81,29,88,3,69,79,53,69,63,46,65,39,82,75,69,44,91,34,71,46,80,55,47,79,17,56,65,92,88,70
75,18,84,67,40,33,26,54,99,85,42,89,45,10,75,7,11,37,34,94,19,33,26,95,90,56,33,17,13,87,22,26,10,25,31,67,14,11,49,71,40,97,58,5,7,91,7,45,67,78,40,11,35,10,62,76,14,45,76,75,90
11,22,32,96,90,84,56,77,43,89,79,8,4,52,99,42,35,49,32,33,23,46,7,96,30,39,92,87,2,20,39,39,5,50,13,63,46,55,83,10,23,17,34,17,80,91,39,54,30,25,74,14,94,31,84,97,51,88,71,99,30
88,30,87,1,9,36,1,10,63,20,2,80,3,5,34,79,52,40,83,9,1,55,18,73,47,16,81,23,8,75,35,19,16,63,11,51,66,34,10,17,64,20,65,64,90,13,79,96,91,11,33,95,61,72,53,93,29,41,23,92,76
19,3,79,13,13,94,70,50,11,26,49,98,98,25,85,31,42,19,61,12,10,94,23,27,58,43,59,12,35,24,60,59,11,31,79,43,73,56,1,61,67,78,11,29,35,98,48,69,74,78,60,43,51,81,40,88,98,41,96,34,37
25,46,89,34,64,70,53,1,51,41,68,6,63,81,88,38,76,47,61,30,30,1,36,53,38,74,82,67,79,34,87,27,51,67,53,18,86,50,65,48,79,89,40,40,59,48,27,13,67,74,62,59,47,2,5,60,4,42,45,55,66
56,24,85,36,9,99,29,59,53,96,77,14,82,38,35,55,92,1,29,10,61,67,12,30,26,24,79,43,69,60,37,85,47,38,14,99,60,3,31,54,56,9,33,65,95,55,54,77,89,12,34,80,10,50,63,89,78,76,43,39,20
24,50,9,24,19,72,37,36,99,67,76,73,86,16,24,30,2,74,44,98,82,23,89,51,31,9,45,88,37,45,47,5,82,47,52,36,38,29,25,5,80,45,98,81,56,78,72,13,25,8,89,2,67,74,14,93,57,93,93,45,29
43,66,45,38,85,29,35,3,32,97,55,37,11,44,10,15,14,95,57,29,20,69,30,22,90,15,46,78,56,91,62,37,52,32,5,60,42,80,69,31,10,49,79,46,67,75,75,47,78,20,9,91,41,96,23,46,74,48,95,46,85
2,4,73,14,11,78,69,48,76,17,36,36,83,27,74,80,58,66,68,7,78,60,67,15,83,74,20,46,57,81,23,37,98,48,44,94,61,83,66,5,82,97,18,85,70,45,70,73,46,96,24,45,56,48,32,9,36,75,31,67,45
90,21,45,94,95,46,90,83,75,45,55,6,53,22,86,61,79,88,89,16,50,82,58,20,67,9,86,28,54,57,69,94,22,83,9,15,15,6,62,42,36,80,47,36,77,9,95,60,79,55,22,46,87,71,86,28,17,51,86,90,36
16,60,2,25,93,8,76,49,51,80,55,11,99,59,51,38,5,83,56,53,30,71,78,45,17,13,39,28,82,14,34,18,31,46,57,71,18,57,48,57,46,88,80,48,20,31,40,83,5,51,1,81,61,83,71,8,98,26,58,7,15
64,15,89,59,30,27,34,72,24,22,46,51,76,81,71,18,84,68,95,6,58,7,90,48,6,46,3,31,78,9,77,37,17,77,64,82,13,39,80,77,34,18,22,84,89,53,67,84,29,97,47,42,62,69,89,35,56,75,99,29,76
52,90,87,89,83,54,95,61,19,58,48,86,57,77,66,37,36,33,92,88,49,42,73,54,56,67,93,11,83,73,27,38,77,15,56,27,51,69,90,93,74,75,78,76,18,27,29,14,8,98,23,18,94,3,98,62,11,30,25,68,4
24,21,4,14,11,14,99,92,45,62,8,55,16,59,38,65,22,43,36,88,46,29,34,64,43,16,33,76,34,70,51,50,21,62,78,29,32,29,86,40,68,7,78,67,73,68,55,38,54,27,60,68,12,98,11,87,73,63,64,12,75
90,6,61,62,60,75,88,8,87,35,30,28,28,47,21,86,56,67,76,35,52,4,2,21,56,67,5,84,63,91,30,19,58,56,80,39,7,3,95,34,70,37,1,91,50,18,15,75,32,73,66,28,95,45,71,11,1,64,99,87,67
39,84,87,53,6,26,59,74,51,4,55,95,88,40,19,79,80,17,3,67,82,65,30,49,14,89,11,66,22,72,23,82,29,37,24,79,7,15,23,33,40,9,84,6,47,60,83,17,26,26,56,38,9,77,76,92,49,60,32,63,47
28,69,6,7,73,97,79,68,71,28,93,49,35,84,35,59,71,74,17,47,62,22,2,65,30,71,66,76,2,90,70,92,66,90,38,61,72,30,76,56,36,34,39,64,76,98,94,20,92,97,93,75,4,12,69,50,56,47,66,24,65
96,23,87,29,79,27,37,46,66,68,72,30,18,51,82,64,52,65,35,99,87,34,87,46,88,35,16,48,35,53,65,41,86,88,75,37,64,93,97,74,49,81,30,21,70,46,55,72,97,46,5,34,39,30,84,40,12,8,82,55,27
36,20,59,83,63,6,15,51,32,6,84,70,58,42,58,99,51,35,49,30,11,28,23,62,32,15,67,35,33,65,76,75,29,36,39,31,30,22,1,19,17,15,44,21,75,23,10,28,92,69,19,95,43,23,61,2,72,83,62,56,92
22,84,37,68,66,69,12,54,5,5,98,9,48,70,94,6,28,47,40,4,45,58,79,12,63,8,61,73,17,15,39,46,43,32,42,90,25,12,40,69,47,33,33,47,16,93,8,85,63,80,42,34,45,79,51,97,27,1,73,30,99
72,71,60,51,45,32,75,14,86,40,50,27,54,52,85,97,9,80,80,97,14,96,77,93,79,59,97,21,69,98,41,60,45,76,75,46,8,62,79,44,66,64,98,64,43,33,48,19,92,27,6,43,99,39,4,62,73,4,25,79,69
51,28,26,16,4,42,41,84,57,35,90,42,5,12,78,46,29,99,58,59,66,17,13,56,74,78,45,88,75,36,43,99,61,51,59,69,43,37,19,16,43,52,22,41,82,35,71,34,27,56,77,98,20,14,96,61,62,63,80,93,2
4,4,12,78,20,33,56,42,95,93,39,42,55,86,36,10,65,36,84,35,44,99,87,33,54,91,30,84,79,98,16,10,94,40,52,22,26,91,94,84,44,47,57,47,71,64,15,25,48,44,56,43,59,66,73,30,67,18,88,86,18
16,38,72,63,68,49,82,7,85,91,99,68,93,90,69,9,69,85,62,56,50,87,3,48,29,31,79,52,52,78,80,67,77,42,2,70,34,6,2,27,98,86,27,31,84,91,45,4,76,56,25,7,54,82,35,55,38,24,64,59,28
63,66,22,97,86,16,54,84,70,10,72,91,19,43,54,98,53,72,39,30,60,31,69,59,61,95,90,1,90,70,59,80,19,1,66,42,85,31,93,62,15,76,33,20,29,98,2,45,8,76,95,85,16,35,47,3,13,81,80,61,79
98,67,79,95,69,91,19,79,19,31,71,42,55,60,67,50,39,37,81,84,96,39,52,16,92,74,26,78,42,97,13,97,89,87,65,39,89,49,16,13,31,49,73,86,96,76,9,40,27,29,18,10,2,98,92,91,28,71,37,17,64
52,50,56,39,38,8,16,34,18,56,83,66,88,20,15,36,71,5,64,84,41,36,47,58,64,86,14,1,66,87,46,59,84,29,18,18,17,13,28,68,36,40,87,86,72,66,11,75,73,91,31,16,56,57,86,5,10,55,76,18,69
83,28,88,95,89,24,39,37,27,71,55,85,32,3,39,12,85,81,89,58,5,52,16,69,94,2,91,48,5,10,83,79,99,5,60,11,49,73,95,73,37,70,59,13,79,80,76,37,81,8,89,16,60,6,65,52,95,97,84,31,78
44,60,60,42,32,49,50,21,53,87,53,78,97,28,34,99,18,99,95,81,63,35,72,30,20,14,96,33,4,19,83,26,99,48,51,48,63,8,83,75,44,47,4,71,17,59,71,93,20,97,90,2,64,67,19,69,31,63,96,5,57
43,38,39,81,17,51,9,67,30,99,60,72,71,79,38,40,45,4,23,56,44,28,72,18,85,17,3,44,55,12,95,11,50,2,60,61,24,84,91,91,8,19,47,19,38,77,86,94,23,78,20,71,73,83,96,17,59,55,73,32,9
13,39,88,67,2,74,34,35,80,88,66,89,18,96,19,49,38,64,52,37,85,86,18,94,88,79,55,73,94,45,8,59,96,76,81,10,78,4,21,97,14,73,13,3,47,10,13,72,51,92,15,2,28,65,80,36,91,55,72,73,41
62,87,62,55,30,88,92,32,87,60,74,71,9,71,99,66,63,69,44,99,62,89,95,96,66,62,92,48,8,4,66,35,15,31,75,11,52,62,17,9,9,26,95,36,64,79,78,89,57,31,18,33,84,86,25,56,8,38,22,28,9
32,33,26,56,23,24,58,32,66,75,78,76,8,16,96,98,85,99,16,79,49,27,16,26,73,36,27,24,88,68,85,29,63,56,55,12,77,50,95,40,13,98,32,94,8,85,63,27,98,84,65,61,8,14,15,13,88,82,82,43,19
5,38,87,45,87,46,91,36,20,22,80,27,24,28,60,28,43,25,36,10,34,82,79,82,60,14,7,69,24,55,74,8,2,12,50,11,16,71,12,10,95,53,2,98,26,55,78,85,40,95,24,83,46,39,91,99,36,27,21,81,21
34,69,66,64,3,67,68,85,24,37,47,85,80,71,46,63,91,45,67,31,17,24,32,82,14,23,79,45,82,16,76,82,59,98,21,21,54,32,13,83,60,31,99,31,75,64,73,58,36,57,79,14,54,48,92,94,77,24,16,64,83
96,33,36,38,11,4,75,98,55,88,86,71,2,44,3,8,80,51,69,81,22,32,45,50,95,41,47,10,79,32,74,13,11,53,87,6,12,6,92,27,33,46,51,95,34,3,42,57,65,35,11,49,33,83,10,67,9,73,47,38,3
44,22,20,97,27,75,74,17,80,98,47,85,6,23,14,9,63,95,74,16,7,55,85,44,71,86,91,65,73,72,25,88,16,83,43,2,13,15,39,14,87,6,32,28,52,29,94,8,19,26,39,19,91,99,53,16,33,30,28,19,60
90,85,96,88,86,83,62,8,78,77,46,79,23,58,95,74,99,32,82,82,73,56,25,34,31,94,44,84,37,54,14,50,15,41,26,86,99,87,11,23,66,9,32,94,72,97,25,58,12,32,74,38,81,21,16,31,97,12,98,66,91
46,40,10,44,52,34,51,53,80,9,55,30,1,26,75,90,12,63,56,73,88,93,93,16,77,22,8,25,14,63,10,74,27,90,32,86,5,99,96,42,44,35,20,19,69,98,26,49,79,64,89,26,49,52,73,11,54,12,80,36,50
82,29,39,60,53,57,56,77,19,1,89,37,60,33,91,33,35,67,22,29,50,41,83,17,25,96,80,32,87,98,49,13,24,66,19,31,44,62,58,77,21,9,37,95,77,78,69,43,65,54,89,57,65,88,29,67,15,47,21,1,41
5,65,59,73,22,38,65,22,37,77,26,59,53,27,33,70,38,19,48,24,57,22,43,85,10,78,76,10,59,22,92,8,14,7,61,15,3,43,30,63,60,24,70,91,33,79,57,72,24,49,45,78,27,16,93,49,25,99,94,46,60
15,34,59,63,71,15,96,29,10,70,98,18,9,98,86,6,75,25,17,97,92,68,74,64,49,9,82,1,96,72,44,53,84,86,58,37,37,27,23,52,9,18,71,13,18,40,96,27,57,46,99,94,98,33,77,23,41,81,53,44,8
29,36,29,34,77,50,11,37,73,75,84,15,23,95,61,60,77,83,14,85,56,94,51,98,64,90,13,69,38,33,17,67,94,21,3,43,92,26,95,57,78,57,91,53,26,24,76,14,7,77,41,84,53,18,29,99,99,50,13,4,92
31,42,11,32,30,9,49,63,19,31,22,37,81,15,81,53,92,18,42,46,95,54,27,75,46,81,20,38,78,19,11,76,80,80,20,57,51,79,95,23,60,12,12,29,16,99,99,30,61,68,24,63,80,92,91,72,92,63,38,26,43
57,89,1,63,99,82,58,65,61,84,81,58,68,72,63,90,77,36,45,1,73,92,15,45,49,42,23,33,22,83,33,47,70,79,79,12,66,44,64,99,71,81,96,56,99,32,2,15,93,70,72,43,67,44,12,65,95,65,53,56,9
80,82,20,75,82,50,49,29,18,48,71,48,21,64,86,82,19,79,65,81,81,55,32,78,17,60,19,50,37,26,19,9,81,61,3,1,50,87,3,80,72,56,56,57,81,54,49,34,95,74,36,57,9,3,57,50,99,86,57,89,25
48,27,44,68,71,89,31,78,77,80,58,3,40,27,66,82,49,54,83,58,54,31,28,9,68,74,98,30,20,88,31,95,14,48,79,63,79,95,43,83,22,9,34,90,95,1,78,10,59,77,11,25,75,16,59,61,84,1,51,4,57
52,76,88,39,42,47,7,97,6,55,4,23,97,56,33,82,12,34,43,47,76,93,52,99,85,50,64,83,44,54,57,91,85,8,78,33,39,64,46,49,18,77,44,79,63,12,76,1,7,5,67,25,32,6,91,69,63,79,43,59,54
13,68,24,56,58,43,89,35,41,65,31,80,67,11,82,14,66,10,10,48,37,64,93,6,45,24,25,30,76,80,75,23,42,61,81,52,87,42,76,28,93,13,58,54,25,91,39,45,38,33,43,68,55,3,6,78,63,84,46,60,66
3,58,24,74,28,32,59,70,50,72,72,35,68,47,73,68,93,84,86,11,22,71,33,74,93,51,38,82,12,43,61,64,15,99,11,57,4,88,78,22,26,72,98,20,21,41,21,45,32,13,86,75,62,32,57,18,2,61,82,47,5
80,84,4,12,36,14,77,26,74,44,38,66,79,81,47,14,43,46,82,11,82,53,52,26,68,6,15,88,21,10,42,17,58,10,85,96,93,23,6,30,16,27,50,63,10,91,39,35,43,72,84,67,52,95,25,15,96,69,32,92,99
69,78,93,57,50,78,94,59,38,41,49,37,51,63,17,87,30,44,36,91,5,53,70,68,30,76,45,98,70,89,5,24,70,97,41,14,93,55,23,57,46,32,79,57,61,80,74,82,88,38,34,94,92,92,85,57,31,28,90,75,40

The initial sequence dependent setup time of each job processed on machine 3.
(Where rows denote jobs: 1 to 60 and columns denote jobs: 0 to 60.For example:The value of Sijk is in row j,column i+1.)
82,79,14,80,99,87,28,29,47,50,75,53,75,24,48,30,31,9,12,60,72,20,48,13,12,41,62,84,19,73,27,4,57,72,14,87,65,35,57,94,28,83,59,60,78,4,10,67,13,73,10,42,89,17,55,64,2,9,44,51,40
32,97,60,40,39,25,24,6,40,1,29,40,65,49,43,21,11,35,32,98,26,62,5,82,98,15,16,60,82,85,94,87,38,27,38,73,59,20,41,22,54,94,30,26,92,64,38,27,38,39,44,68,68,20,72,30,76,70,31,49,73
10,10,81,21,30,76,88,8,25,48,40,44,68,37,49,79,87,23,10,51,38,51,85,9,73,63,65,36,63,39,44,5,45,53,80,24,81,36,83,94,58,73,5,70,79,69,14,93,30,75,32,45,36,14,67,25,67,82,73,75,78
13,27,87,60,17,50,23,58,62,85,91,62,32,70,73,74,32,95,42,51,18,97,10,53,80,10,11,66,28,40,77,72,42,53,59,26,28,65,72,91,67,5,87,66,1,31,73,54,86,45,56,40,67,59,24,17,31,21,29,68,54
50,48,8,97,67,18,85,50,34,65,48,60,14,95,44,58,26,2,28,78,8,92,30,52,12,25,43,26,67,5,8,96,28,77,90,13,68,29,5,99,41,9,63,17,98,39,47,8,62,90,94,12,48,20,82,2,9,16,51,58,60
1,99,37,95,26,8,77,2,35,78,13,78,7,25,14,47,7,19,32,87,32,39,82,23,9,27,85,94,30,90,97,53,25,81,63,3,10,62,9,62,27,59,96,22,89,89,66,66,59,72,63,74,9,5,91,27,78,59,53,64,38
88,88,21,95,85,20,68,64,59,10,48,73,39,46,61,30,80,72,20,93,3,15,49,17,2,3,96,88,6,72,21,73,88,67,26,87,22,53,91,76,24,38,75,75,62,44,28,83,18,39,99,39,97,63,5,3,43,40,50,27,38
64,30,87,2,64,5,64,48,56,70,90,41,98,1,20,32,3,77,5,45,23,26,97,76,60,77,79,4,10,46,90,59,84,48,17,60,69,21,86,22,57,23,93,89,18,96,12,13,48,24,18,63,31,98,10,21,83,62,68,11,30
80,45,59,76,6,38,38,37,37,63,16,21,5,48,43,10,97,94,18,38,57,63,14,34,67,92,63,46,41,96,42,80,28,73,75,18,12,46,9,32,95,51,65,48,50,66,33,2,12,33,82,89,30,4,39,51,22,62,94,5,91
31,52,98,84,96,51,35,90,94,91,43,22,20,23,51,38,87,4,26,63,64,3,84,83,11,43,74,4,68,71,51,15,40,20,16,55,46,17,66,58,59,24,39,76,49,89,96,51,95,85,68,88,63,63,33,10,91,22,17,58,27
4,99,47,77,58,10,4,52,48,16,94,29,63,60,73,16,77,72,58,7,87,58,79,9,25,90,38,87,99,14,4,82,45,92,40,10,1,81,82,46,41,91,7,57,92,18,78,21,49,34,94,28,99,49,53,99,70,63,21,31,41
78,58,13,31,50,58,39,70,1,40,15,28,91,88,42,97,67,99,51,14,63,5,62,53,63,39,16,15,70,57,74,66,83,8,88,54,42,80,41,9,20,81,43,31,88,34,69,24,43,44,91,36,88,57,78,68,97,11,42,1,90
3,60,20,48,98,71,22,44,45,39,60,15,21,45,56,61,84,72,51,42,39,94,84,93,82,37,50,80,10,8,81,80,91,90,69,68,78,69,66,37,95,6,21,76,45,16,68,90,19,27,11,49,19,4,36,85,20,17,8,69,9
41,27,81,78,87,72,4,82,73,78,40,36,37,9,24,66,78,71,18,11,62,87,31,59,35,24,2,18,1,28,67,8,49,40,88,62,54,98,39,88,50,46,41,92,3,38,59,15,91,49,56,17,44,48,94,61,35,29,50,46,18
48,57,93,73,32,1,65,52,58,24,11,93,93,51,52,35,55,4,99,42,13,27,66,2,26,31,12,50,6,67,66,32,28,42,98,13,42,13,19,20,89,70,85,95,44,77,30,2,52,42,96,33,12,18,42,22,41,20,66,32,52
76,43,58,55,18,50,58,67,98,33,49,46,11,75,14,51,12,46,79,97,97,82,86,19,33,41,86,62,53,39,30,16,17,82,49,94,78,94,23,35,32,21,50,19,31,45,80,59,74,59,77,20,21,14,80,30,28,81,68,54,93
11,70,54,45,90,72,73,59,29,81,91,81,24,16,84,78,16,29,37,91,64,91,31,70,3,75,81,13,35,7,7,53,8,80,82,28,60,67,78,97,9,88,65,59,14,47,41,16,70,65,84,53,39,60,89,47,85,34,10,38,37
75,18,91,20,47,92,91,35,54,66,56,37,22,61,25,11,46,90,26,67,22,58,65,47,40,32,13,97,39,8,18,96,86,21,96,39,22,57,81,68,52,89,91,1,79,10,40,17,6,35,40,9,32,74,47,25,81,11,68,97,50
92,94,73,71,51,56,3,21,98,85,88,80,42,44,42,23,12,53,55,81,74,56,20,72,95,17,12,65,43,67,36,30,93,23,58,17,25,42,54,41,60,13,22,28,42,45,83,57,20,16,43,94,26,14,28,58,93,90,64,61,39
53,14,76,70,32,71,87,24,17,37,88,88,66,99,9,75,59,68,98,67,37,33,35,84,92,40,76,57,19,62,36,27,68,16,47,12,47,27,69,70,60,23,37,45,43,67,20,44,30,1,75,27,83,81,61,95,93,96,62,21,36
42,94,35,61,75,47,14,65,23,73,73,67,40,56,20,76,31,4,56,20,16,20,9,10,71,87,44,23,67,34,20,72,5,56,13,32,96,69,14,29,16,69,37,43,46,92,86,65,95,50,66,43,34,75,60,40,84,90,70,41,57
12,41,76,4,14,12,73,42,23,5,7,73,50,19,4,98,46,9,51,54,6,73,67,73,64,57,58,96,2,93,84,70,51,10,82,15,47,62,56,78,96,87,12,24,58,65,59,53,44,92,18,74,46,32,73,95,44,41,39,61,29
84,6,20,48,32,43,83,64,44,77,16,38,72,13,53,50,56,92,7,28,57,83,97,58,25,97,10,76,75,59,84,42,12,50,63,80,57,50,14,82,87,92,99,96,24,17,22,30,40,4,8,16,7,42,40,93,70,94,9,40,38
41,1,9,66,70,20,24,14,18,19,34,11,12,91,44,66,47,37,79,46,36,84,57,25,49,43,33,36,30,76,27,99,17,49,52,90,79,47,42,24,56,83,27,28,37,12,11,26,65,53,81,38,65,54,89,54,17,82,3,20,97
14,11,42,45,30,39,18,29,70,95,47,79,30,80,78,65,20,57,91,95,18,3,97,21,27,8,38,75,57,92,54,67,2,71,82,39,46,78,6,69,59,12,37,92,82,14,37,42,32,90,63,76,71,58,2,46,27,77,69,41,96
18,4,21,35,47,62,56,68,74,63,84,76,92,77,17,89,83,82,28,54,73,4,66,19,76,83,89,85,11,96,77,77,26,96,76,58,21,73,58,29,18,97,50,77,95,75,38,80,74,41,75,18,11,54,58,45,23,2,19,67,7
9,77,94,56,79,55,79,19,33,1,91,6,54,29,86,20,47,6,93,29,12,42,35,47,15,81,5,81,52,87,26,82,3,24,71,37,80,39,13,14,46,30,3,90,70,7,13,65,43,94,64,71,31,25,22,96,28,1,80,29,81
61,83,9,18,44,99,6,84,53,44,31,71,60,97,97,64,8,78,63,17,66,98,36,67,66,73,26,80,91,34,51,3,31,40,36,96,39,72,90,18,47,88,54,21,46,86,25,30,91,76,15,40,33,19,88,87,55,22,26,21,61
50,88,28,8,96,97,39,15,97,43,83,13,86,94,9,16,2,96,35,34,7,79,4,39,64,58,99,68,84,3,49,57,10,78,94,20,3,71,71,19,19,67,37,14,28,73,87,53,32,49,70,37,43,37,55,17,78,10,11,51,39
52,43,65,42,4,70,9,76,20,23,23,93,21,25,15,19,69,51,91,6,37,13,31,20,86,45,11,15,16,14,70,42,29,37,19,36,9,45,81,60,96,97,3,78,58,59,60,35,69,25,25,36,46,82,33,52,14,28,29,57,51
96,42,72,46,98,70,43,32,36,30,26,66,30,48,67,72,23,51,83,7,23,10,58,53,51,99,29,11,45,11,98,9,91,18,14,71,30,51,74,34,16,52,21,10,29,26,78,20,94,68,67,36,67,3,79,74,48,85,25,13,82
31,70,4,66,75,30,64,78,62,26,59,17,41,53,10,96,5,86,87,66,87,6,94,49,99,84,97,28,73,47,19,40,75,96,50,60,16,38,14,97,3,8,22,15,62,76,67,89,2,73,69,70,54,14,75,4,82,21,9,89,71
81,38,40,68,33,90,20,59,96,81,80,39,91,64,83,70,91,81,95,34,61,95,3,86,47,72,78,97,53,98,18,75,58,76,46,58,41,85,91,44,9,68,97,26,83,23,68,65,38,97,79,5,47,21,38,47,53,23,58,4,52
39,77,15,2,82,66,61,87,35,93,7,7,17,39,3,17,5,12,41,67,53,61,40,83,78,29,13,42,39,55,41,65,78,55,34,72,85,88,60,11,74,10,64,64,58,56,17,56,46,97,85,68,46,2,79,52,94,65,79,16,66
86,30,10,65,83,7,38,67,2,74,50,47,99,33,39,96,1,65,20,84,56,48,84,33,62,54,58,90,80,7,27,44,52,16,75,14,93,87,66,15,35,43,52,25,45,70,81,20,42,72,29,69,38,39,71,2,13,76,76,21,48
85,34,66,9,86,33,16,3,87,20,71,58,47,35,49,87,58,79,17,37,76,2,24,62,5,47,38,38,67,73,38,58,36,38,49,63,54,55,68,6,90,47,18,82,66,10,67,67,75,42,86,8,84,19,90,88,69,20,16,88,47
38,86,47,33,36,84,45,50,20,61,89,6,95,21,57,55,47,2,80,65,87,62,93,47,71,95,85,92,4,87,45,99,14,16,60,64,44,67,26,86,36,85,87,5,13,82,67,25,86,86,33,65,40,8,17,59,36,81,73,81,72
62,89,99,21,30,69,50,25,20,82,13,15,6,46,91,54,3,14,24,41,13,19,92,37,28,35,11,34,63,57,80,63,28,95,80,63,31,27,63,46,44,95,1,11,77,23,71,82,30,93,63,11,47,82,68,24,14,63,22,8,30
62,67,44,87,17,15,68,21,98,3,39,97,47,55,95,47,61,42,5,66,76,17,83,95,21,61,8,62,44,1,13,49,87,26,5,55,16,7,5,68,92,29,44,99,57,49,16,66,36,68,34,56,95,58,70,83,94,56,6,65,84
71,2,90,7,80,5,25,59,1,19,59,64,21,55,47,32,24,94,37,48,78,68,82,41,6,4,69,25,11,12,79,72,88,90,5,18,81,43,41,34,18,72,89,61,13,74,81,67,87,3,29,98,28,36,6,18,9,83,16,67,82
15,29,69,34,12,99,38,12,80,17,20,94,40,90,57,85,68,9,38,38,77,45,67,12,44,34,69,89,59,74,90,76,17,27,85,39,12,20,86,77,15,56,18,3,76,30,2,49,6,39,49,88,80,6,90,53,31,86,66,29,62
68,70,32,53,41,46,83,11,65,35,4,61,28,9,63,8,9,48,49,79,30,34,29,61,61,73,69,7,33,52,68,42,41,48,74,65,55,65,6,81,83,69,15,77,37,76,65,68,9,93,4,14,47,48,10,39,41,5,48,5,22
97,97,20,14,43,53,39,43,12,26,12,17,48,50,51,76,1,48,7,83,19,81,80,14,26,76,2,67,52,65,4,54,45,24,57,49,92,7,35,27,59,33,99,89,21,72,30,32,43,17,65,78,69,85,6,64,4,18,23,93,14
44,97,6,58,69,74,87,82,82,27,31,49,97,70,28,16,71,28,41,91,20,49,2,85,82,40,61,22,24,68,24,56,55,40,57,81,59,15,70,62,65,35,15,82,11,6,42,24,10,54,59,12,50,84,60,20,39,64,45,18,42
29,62,52,56,49,28,66,67,69,14,23,64,29,57,24,4,14,98,78,14,17,25,39,20,59,21,36,57,47,12,51,67,96,70,76,59,51,90,73,26,68,18,99,19,74,61,2,36,64,88,80,29,56,83,17,59,94,2,7,82,75
89,73,54,51,27,87,68,99,44,50,99,2,48,32,63,30,44,91,96,78,99,39,61,26,48,96,49,85,38,76,73,94,27,90,88,81,3,55,45,28,38,47,17,93,57,47,52,57,96,67,69,64,1,30,74,94,52,5,93,57,19
82,94,44,54,4,94,69,34,8,29,36,97,81,72,53,26,52,32,13,45,45,64,79,36,1,27,1,59,6,43,82,62,99,23,2,31,96,58,74,94,57,16,30,55,60,64,79,96,1,83,83,82,64,69,95,56,36,77,3,33,89
12,85,48,41,71,55,74,98,59,60,96,18,48,2,16,87,61,66,83,78,41,28,79,48,88,41,28,31,20,24,93,16,54,64,19,92,77,32,15,60,4,37,87,39,96,14,27,10,89,56,6,12,81,5,47,73,20,44,76,79,39
82,94,70,35,39,49,85,55,33,72,70,23,96,85,36,41,88,23,97,37,17,98,18,58,21,38,91,28,24,95,69,90,58,51,75,7,53,7,38,23,47,9,28,92,3,39,9,42,46,18,76,18,38,30,55,91,68,9,10,62,45
59,49,76,36,83,10,75,3,8,34,41,95,10,94,15,68,89,23,65,80,71,3,98,95,16,22,51,3,38,46,61,46,6,78,11,46,12,23,37,48,54,25,25,88,35,34,93,67,38,17,64,75,99,16,93,77,5,35,56,88,68
39,72,15,88,60,70,3,18,78,14,45,29,4,80,96,52,99,51,11,22,27,39,76,1,2,13,57,24,27,69,9,70,61,46,53,21,3,36,12,70,3,14,83,40,93,86,14,60,7,82,17,80,73,34,40,96,33,37,8,16,17
49,66,66,73,11,44,94,59,2,64,65,4,61,67,94,59,67,91,92,59,14,55,72,9,23,45,72,8,68,12,34,32,9,97,73,21,96,87,79,8,85,89,43,41,91,70,40,23,11,30,44,18,98,7,11,45,8,53,87,77,43
35,44,97,64,68,77,46,64,14,8,91,85,56,4,94,45,50,1,8,43,49,49,17,32,9,37,24,69,48,7,14,96,62,17,25,35,22,64,58,24,62,19,53,32,7,11,2,78,65,92,49,25,42,13,35,93,47,34,34,36,92
62,16,77,21,65,8,61,90,74,28,21,81,82,86,89,58,67,95,83,7,4,3,49,54,75,9,59,67,99,94,12,33,76,90,3,21,3,65,6,67,29,35,64,66,80,65,55,36,87,84,38,44,14,18,29,22,29,35,36,11,47
79,60,78,12,89,68,17,14,6,45,79,33,66,44,40,19,4,41,90,51,30,18,19,35,98,87,97,90,35,81,12,50,74,58,89,9,76,31,3,93,14,5,20,25,68,54,45,15,6,82,52,36,95,99,34,20,49,54,41,93,41
34,96,96,69,50,97,7,91,78,69,36,24,14,70,7,51,43,58,41,73,47,85,14,19,64,83,20,32,66,99,34,68,99,93,67,9,55,93,30,28,92,8,13,28,88,62,31,50,56,82,39,71,3,14,38,8,95,29,29,12,16
34,52,5,10,54,74,81,74,45,29,70,99,35,63,30,45,66,74,14,19,48,80,94,98,38,39,79,54,38,83,85,9,62,49,76,12,64,6,33,92,76,38,28,31,78,82,11,67,72,79,44,13,74,55,19,45,61,54,79,71,76
95,39,81,50,17,51,98,71,53,27,31,75,29,81,81,44,51,57,2,85,41,84,67,13,82,91,63,11,38,91,27,54,61,47,81,14,21,80,46,40,71,97,1,37,43,26,51,79,33,46,37,63,99,89,22,51,80,50,34,19,49
15,15,21,17,2,65,35,16,40,4,95,78,3,59,90,59,21,55,23,60,5,12,62,55,56,91,23,44,42,30,74,70,69,68,42,28,45,42,50,31,19,17,84,99,17,26,62,39,79,44,17,65,25,53,61,12,26,88,69,91,44
39,40,59,98,86,57,51,40,41,87,89,42,84,16,74,90,72,40,9,48,83,15,22,66,1,39,33,36,33,74,35,24,5,79,54,31,39,21,47,36,51,33,1,10,30,4,85,47,25,84,63,91,54,87,24,67,56,71,90,48,51

The initial sequence dependent setup time of each job processed on machine 4.
(Where rows denote jobs: 1 to 60 and columns denote jobs: 0 to 60.For example:The value of Sijk is in row j,column i+1.)
97,36,29,90,30,8,66,63,6,99,64,36,56,28,46,48,2,97,13,36,14,33,66,78,69,75,45,78,23,43,22,70,55,74,93,37,25,60,66,12,13,36,13,43,62,25,43,90,22,1,72,62,92,66,50,85,52,37,43,46,9
8,38,31,10,1,78,88,73,56,44,63,57,75,77,42,9,44,35,93,47,13,26,25,63,76,69,17,63,58,97,42,67,10,74,95,5,23,68,34,17,49,36,91,82,22,95,26,56,54,41,37,30,35,86,93,31,4,64,25,3,30
13,58,2,27,34,7,48,7,41,58,8,11,35,40,76,92,93,30,55,16,78,68,78,84,69,75,25,94,78,56,49,63,43,1,40,78,95,63,80,10,52,31,93,11,23,51,11,32,97,61,65,70,87,66,16,70,40,9,85,85,73
37,92,98,13,10,23,52,12,89,66,32,12,64,28,61,56,20,45,34,38,73,60,82,20,38,45,52,17,38,81,98,97,40,58,18,54,17,45,49,16,60,17,60,8,62,80,98,81,65,58,33,20,91,59,7,53,82,33,29,96,45
39,87,88,31,67,32,31,32,75,93,80,69,78,48,32,80,64,46,42,88,28,46,64,88,44,17,31,77,60,71,60,53,63,78,60,97,23,58,48,63,20,77,88,44,54,89,22,95,6,84,85,33,33,40,14,4,4,95,22,34,11
22,2,45,57,58,1,41,56,5,35,30,34,88,16,7,69,54,89,59,8,14,80,9,58,17,44,6,47,18,66,55,66,21,30,27,75,52,9,41,85,50,78,66,24,41,40,28,49,96,29,79,61,94,85,22,84,10,74,49,14,5
6,27,6,97,65,57,74,7,84,3,16,66,90,81,13,58,28,69,41,63,29,98,44,87,84,46,40,42,63,88,26,3,34,24,82,45,5,18,37,36,20,82,76,78,98,81,11,36,73,75,74,73,67,85,47,25,18,79,66,86,70
92,81,17,18,78,20,81,69,22,5,51,35,55,51,99,10,79,20,44,55,52,38,31,93,68,13,78,56,84,57,82,77,57,94,36,6,93,58,10,25,38,23,16,17,82,84,84,99,97,28,77,48,32,47,44,67,83,23,91,33,32
51,16,6,60,16,60,64,53,19,90,80,69,37,39,26,4,75,22,41,12,25,78,33,3,70,6,1,31,12,67,30,73,55,21,95,53,99,48,29,87,24,35,83,84,6,9,29,73,98,8,17,44,61,33,92,83,67,20,93,83,3
66,39,44,90,98,46,68,47,83,22,10,73,89,75,9,58,44,87,56,40,79,43,3,39,3,94,31,10,81,16,36,9,64,26,50,83,20,53,90,57,31,57,57,85,96,32,41,39,12,69,51,47,66,93,83,25,34,61,44,82,40
50,69,41,44,41,31,75,60,42,16,36,28,54,62,82,4,9,90,66,36,57,54,22,97,67,66,65,86,84,83,50,2,72,64,31,32,54,92,64,33,62,13,85,85,98,16,48,8,30,91,22,45,26,90,69,60,52,90,57,62,93
72,43,77,36,19,74,83,76,92,47,79,10,88,36,84,88,19,64,79,77,27,93,91,61,6,23,73,23,52,77,52,47,68,78,58,32,78,58,76,55,45,41,25,87,10,64,48,57,29,21,75,22,24,37,91,86,76,5,43,25,78
77,36,69,74,47,22,78,2,8,84,92,43,30,69,25,23,45,65,81,57,47,53,86,28,34,23,67,63,26,23,39,59,48,77,40,84,62,6,72,91,27,94,77,27,11,75,47,86,98,56,73,15,44,63,22,4,63,66,34,59,9
39,30,95,88,73,51,87,30,31,24,28,18,85,99,88,21,25,1,44,20,16,66,76,34,52,31,75,65,36,75,68,52,21,26,54,96,58,70,88,53,7,39,91,61,6,5,41,14,78,49,38,6,7,79,32,10,1,92,8,10,69
40,27,95,33,94,26,62,79,47,87,5,59,22,17,28,13,85,58,91,18,74,63,91,6,64,5,54,96,99,12,12,55,44,26,53,21,11,63,1,69,17,94,24,28,70,97,77,68,91,21,71,50,72,40,55,38,33,43,59,56,54
8,68,79,38,91,74,26,5,33,27,84,59,70,25,28,32,67,61,24,65,84,67,22,29,95,64,14,10,67,89,49,6,1,24,50,3,35,66,58,23,94,47,29,25,49,78,16,49,68,58,36,20,62,69,17,35,12,23,78,89,28
52,73,76,26,19,19,83,98,41,28,20,70,73,79,71,64,51,31,67,38,23,86,58,4,61,81,66,47,47,5,31,73,49,45,46,25,34,15,64,24,70,29,66,22,9,23,87,93,41,65,72,98,37,47,41,39,13,98,1,84,18
96,65,18,94,28,42,47,61,14,83,30,38,25,6,44,9,4,78,74,60,51,55,45,2,96,29,70,81,23,10,32,62,98,11,97,8,41,6,4,61,97,34,85,86,7,83,37,26,43,21,84,58,6,83,13,75,40,95,52,25,98
76,98,61,8,40,75,57,52,93,29,98,65,45,83,24,79,76,33,32,22,17,8,22,9,67,53,58,17,25,14,41,47,95,29,70,9,10,52,93,35,16,26,74,26,5,37,9,68,15,69,15,33,3,68,16,99,7,96,77,56,94
25,24,47,58,74,8,78,92,1,13,73,16,30,92,11,24,91,83,23,63,41,67,46,30,86,70,67,19,42,84,1,18,95,87,51,54,68,79,83,81,58,23,55,65,28,64,9,44,49,5,64,59,8,26,78,8,18,47,63,41,89
14,73,46,15,61,37,28,58,14,64,84,58,64,32,14,96,42,2,42,21,99,54,83,11,61,55,21,81,41,82,63,55,13,64,67,28,41,59,42,32,82,2,2,66,3,38,47,16,41,88,51,71,81,42,96,61,59,21,68,64,26
24,95,71,54,78,75,77,26,43,24,71,68,81,36,39,40,42,28,91,99,62,32,78,28,19,59,95,5,42,71,37,49,12,78,9,70,39,87,67,74,92,94,83,79,88,97,72,46,26,24,25,2,63,12,94,57,37,2,42,2,31
73,69,23,58,87,76,33,50,39,81,64,65,22,28,25,56,36,42,62,58,83,21,80,42,24,39,68,93,43,59,99,40,10,65,67,17,82,12,14,1,79,38,25,79,43,73,63,11,95,94,54,56,46,34,66,99,84,10,95,17,15
55,80,2,49,65,82,89,59,76,19,19,64,70,11,72,12,91,7,47,36,9,82,41,90,39,73,29,60,66,19,28,46,18,84,81,11,30,62,56,67,91,30,9,58,32,48,94,55,79,14,88,86,58,84,2,5,55,13,63,4,32
83,29,80,22,30,62,3,73,16,20,81,51,18,89,90,25,40,71,51,52,68,54,95,59,29,4,28,81,68,51,89,91,49,1,33,53,29,26,62,12,45,79,76,5,72,97,3,4,74,20,57,28,81,47,90,37,24,48,94,91,93
48,60,82,95,45,92,76,39,85,13,16,49,48,6,76,40,37,74,28,56,96,77,82,22,65,29,33,81,97,48,90,83,65,87,71,64,90,34,24,62,64,99,21,86,53,22,79,74,91,60,17,39,9,56,50,76,32,58,51,7,49
95,57,84,78,27,93,77,47,86,43,24,97,50,41,95,23,16,4,19,43,68,23,55,42,98,35,9,82,80,49,18,34,50,17,2,41,57,38,51,75,99,85,89,25,32,64,80,82,2,86,5,4,52,62,95,31,17,23,97,95,35
36,2,94,36,73,42,51,57,50,56,92,53,47,90,39,71,48,24,54,18,37,25,47,69,70,55,59,79,20,78,88,48,1,30,44,88,55,46,25,69,93,95,76,16,29,31,27,59,27,99,17,78,91,14,43,69,70,62,15,25,57
48,54,61,56,6,6,46,16,17,64,90,29,34,20,75,80,73,31,59,56,16,19,95,14,16,53,99,89,26,42,74,89,78,21,12,50,7,39,13,36,99,66,2,26,32,11,77,74,75,29,41,31,42,16,28,21,36,87,70,6,68
68,91,65,34,59,24,99,88,90,87,5,62,28,78,58,28,94,78,78,94,43,65,25,84,91,98,41,83,94,65,63,6,26,14,52,76,36,52,71,3,29,92,47,4,65,69,46,57,85,14,82,15,59,66,15,41,32,28,75,16,4
75,83,20,17,90,78,83,83,5,15,14,39,19,58,46,73,49,70,8,96,8,18,57,69,43,3,77,8,97,96,95,82,71,7,83,66,74,52,72,2,71,75,10,82,11,60,28,96,98,61,5,86,25,30,45,58,78,42,36,52,59
68,59,89,79,93,20,51,87,95,28,29,48,18,91,88,3,31,11,65,74,8,68,68,25,32,29,71,49,24,80,85,31,51,17,62,45,8,14,95,56,51,89,81,66,8,89,40,56,76,74,92,4,85,68,64,86,95,29,24,49,12
99,73,23,49,62,17,39,20,99,91,70,43,98,82,25,78,91,39,62,7,51,71,43,3,43,41,49,24,22,7,40,42,10,42,4,41,65,87,29,15,80,47,18,43,20,83,4,7,82,90,39,64,41,72,43,44,4,24,21,89,93
14,46,98,72,10,18,8,77,37,25,43,81,79,66,57,32,41,18,57,30,19,61,53,63,38,53,30,38,24,50,20,95,45,99,6,80,88,86,82,9,81,2,11,41,88,58,73,79,76,88,75,2,70,51,60,8,98,40,80,17,84
59,7,99,72,19,81,56,84,65,70,3,17,36,24,82,27,88,13,76,97,95,74,36,4,61,65,56,34,27,14,89,60,95,16,46,59,91,6,69,38,62,67,45,39,75,26,46,88,9,83,25,4,77,18,36,63,35,55,33,51,64
35,95,69,87,19,68,80,35,34,98,4,14,92,76,57,6,11,49,71,91,48,6,39,74,92,89,8,16,96,99,34,9,37,89,75,57,76,86,16,58,9,99,38,53,52,96,57,85,59,72,35,33,93,88,57,28,33,51,12,21,29
28,15,90,23,78,87,86,48,88,92,9,21,47,78,96,93,37,25,43,18,96,21,33,92,58,12,22,76,48,22,3,52,92,80,83,93,4,32,13,32,64,58,15,76,20,5,3,40,40,72,99,30,77,5,27,62,98,26,47,31,45
93,76,82,86,3,67,42,38,57,46,53,99,65,26,11,27,30,28,35,47,1,16,5,26,14,87,61,75,98,29,45,55,10,69,60,51,68,46,99,76,17,81,7,85,23,18,57,73,54,28,54,80,91,32,48,91,5,63,9,31,88
56,99,79,9,41,92,63,26,28,44,56,72,12,94,95,89,44,58,54,9,17,62,45,69,20,20,21,93,15,48,12,21,22,22,9,69,1,59,3,80,83,1,36,56,66,49,23,1,1,53,70,24,68,19,97,54,16,56,14,72,14
35,51,3,1,55,66,4,26,36,21,49,28,23,42,4,78,60,86,7,88,86,65,70,42,76,32,37,22,95,30,86,96,14,25,33,25,18,58,16,48,97,64,84,55,6,79,51,12,90,70,92,4,23,58,15,95,25,60,84,9,86
80,98,69,23,73,14,90,5,82,16,8,62,98,81,91,42,48,22,40,56,52,73,65,59,20,97,73,25,75,37,51,5,63,87,13,8,69,46,40,2,84,93,75,94,38,84,91,85,46,70,8,27,11,10,42,80,78,38,16,81,56
42,70,60,66,57,92,19,72,54,84,49,69,13,67,82,50,49,47,28,48,28,13,63,76,30,48,22,62,82,94,22,56,13,85,82,28,47,2,34,73,96,27,84,79,13,60,26,6,25,69,92,73,87,89,88,92,91,49,75,64,33
14,97,62,19,24,18,87,88,77,88,74,91,58,45,43,56,75,22,8,54,66,3,44,11,39,68,32,84,49,68,29,97,36,72,15,63,88,15,84,77,58,62,51,88,57,13,54,76,50,19,67,22,23,69,34,85,12,57,45,35,29
86,49,14,84,78,55,1,99,31,41,83,89,94,64,24,68,3,15,37,45,63,29,41,31,75,6,88,25,56,79,33,1,84,97,89,47,32,11,7,29,77,5,26,61,4,64,69,48,7,93,69,38,34,65,11,12,24,4,1,63,18
44,27,52,27,89,59,47,65,57,31,10,51,85,74,3,38,33,28,95,1,92,40,55,38,72,2,18,18,7,3,21,52,13,97,82,76,95,34,71,62,66,97,61,47,6,98,73,62,55,31,35,6,4,42,58,44,21,65,53,40,17
23,99,5,93,91,76,91,45,52,36,52,53,22,92,98,1,16,61,43,24,70,53,90,72,70,49,80,5,74,53,10,97,71,39,50,41,70,19,97,82,85,59,88,53,25,33,27,45,53,64,71,44,66,91,3,50,83,95,32,93,28
94,16,50,85,48,86,89,81,48,97,50,27,65,70,29,80,24,20,85,22,77,88,20,25,28,53,73,74,97,76,53,28,28,64,70,49,24,40,21,58,47,83,94,27,92,2,58,66,98,85,42,16,57,32,53,28,74,94,20,63,59
88,35,55,2,76,43,25,53,72,58,27,16,9,78,20,36,83,29,27,91,96,82,48,50,7,80,83,16,36,99,10,67,10,98,6,25,68,67,60,66,61,6,13,33,74,8,25,3,61,11,38,71,32,59,22,6,82,93,26,62,18
60,50,18,10,25,43,76,28,1,12,69,90,18,4,31,68,45,89,69,67,55,59,25,38,45,38,68,47,44,49,40,2,86,17,33,84,35,18,18,62,20,72,65,12,52,69,50,27,34,75,71,48,32,53,24,37,99,60,89,21,50
47,84,97,39,32,5,78,18,13,75,33,64,63,85,62,76,52,40,33,65,96,95,11,86,13,49,40,40,37,31,33,57,8,77,65,22,24,57,47,34,92,22,33,46,73,81,79,50,1,5,92,32,78,70,25,30,41,52,24,46,46
35,28,34,43,49,90,22,6,67,85,59,24,47,92,80,37,41,72,22,16,93,31,8,81,31,68,93,47,89,37,98,91,25,43,58,51,29,84,64,72,97,93,21,43,11,95,17,29,7,53,96,3,11,78,38,98,92,32,33,32,20
68,94,25,15,12,9,48,11,73,40,16,54,93,63,57,40,88,54,10,54,46,39,52,59,58,67,13,64,88,1,97,37,64,63,87,31,47,77,18,83,74,58,61,57,3,28,86,50,74,38,80,10,43,47,60,6,21,75,36,7,19
62,36,97,96,71,44,48,71,99,25,46,4,53,36,5,69,66,69,62,22,61,6,46,27,91,41,89,56,52,22,78,75,37,78,63,14,12,10,23,97,25,32,7,78,78,2,8,10,88,41,26,10,85,44,43,53,27,76,54,68,81
36,51,63,93,20,82,90,77,68,46,53,83,69,61,34,23,27,88,54,82,85,72,10,14,6,40,62,78,76,83,2,65,5,6,85,81,92,92,81,84,66,95,68,94,99,30,58,71,81,81,48,16,50,10,63,7,83,37,19,50,67
52,70,76,36,55,15,71,18,81,66,71,12,52,11,42,75,91,9,97,3,81,51,82,31,24,18,44,70,30,73,67,19,72,76,45,14,99,63,66,89,26,81,64,55,82,85,47,40,17,7,17,90,27,16,2,88,38,30,41,60,91
65,71,15,71,61,38,26,78,26,8,84,14,3,78,92,2,54,91,34,39,61,72,9,44,25,22,77,30,42,11,8,28,3,45,82,2,56,27,1,57,8,1,32,11,40,44,41,10,87,34,13,84,94,31,30,83,25,2,46,20,80
68,8,81,62,41,72,34,63,87,93,40,66,76,13,99,34,78,96,23,4,87,65,58,16,25,95,1,87,38,98,13,77,93,13,39,97,2,3,55,12,27,71,81,90,5,31,3,4,95,70,29,85,6,1,5,94,48,12,11,54,83
64,66,2,50,26,91,18,9,52,91,88,42,88,19,82,9,98,78,10,99,98,55,36,81,89,30,91,94,26,22,19,50,84,67,41,11,10,25,89,21,59,79,22,48,28,84,56,32,74,62,76,96,69,42,59,1,46,26,71,20,10
81,90,27,69,67,2,9,86,76,40,49,96,96,76,65,99,81,5,75,34,74,83,89,30,75,83,97,21,8,82,49,16,1,70,25,5,77,20,91,88,92,13,77,17,97,62,29,1,31,99,12,49,23,19,12,26,27,23,10,79,59
6,66,24,50,37,84,45,10,42,56,86,25,8,8,16,48,4,59,28,26,10,72,27,90,43,81,1,52,92,62,46,50,37,9,33,22,92,32,64,94,35,42,88,54,48,83,79,30,32,35,70,91,81,59,73,23,24,80,65,72,16

The initial sequence dependent setup time of each job processed on machine 5.
(Where rows denote jobs: 1 to 60 and columns denote jobs: 0 to 60.For example:The value of Sijk is in row j,column i+1.)
36,57,39,21,70,4,39,43,5,46,72,17,23,53,73,1,64,95,16,85,57,38,79,68,21,91,84,16,44,89,37,20,84,38,78,13,29,46,57,21,50,47,18,32,48,14,47,8,85,69,67,68,68,18,62,64,1,76,67,43,80
5,28,89,71,18,95,99,46,71,90,69,7,67,35,48,81,77,22,51,50,42,83,58,87,8,90,98,4,31,56,71,85,38,36,26,43,40,89,35,67,2,57,6,23,8,51,32,83,39,2,11,37,71,94,73,45,52,62,13,73,29
1,8,74,52,99,67,78,64,23,35,11,37,84,45,42,71,62,37,3,72,92,78,79,70,88,32,69,98,66,32,18,47,60,24,17,44,82,33,85,45,67,17,79,24,42,6,35,8,8,79,64,60,62,91,1,60,90,33,24,97,15
95,60,99,87,57,65,15,49,68,16,33,96,74,81,88,61,32,61,7,77,74,49,46,34,45,34,97,60,5,98,19,62,10,8,76,67,45,40,58,67,82,32,48,96,28,13,8,63,92,36,24,2,25,82,69,55,26,19,97,7,50
45,2,28,98,88,51,32,47,32,11,35,22,67,68,35,68,13,53,18,79,12,55,70,8,25,30,66,46,12,25,24,26,42,45,69,52,61,30,44,75,96,61,65,20,9,85,29,96,78,41,81,5,85,39,73,34,48,51,99,5,82
45,21,43,40,41,19,96,69,68,12,60,66,65,86,42,23,89,68,66,97,91,38,55,61,74,72,25,95,51,81,16,49,84,56,80,96,47,87,72,20,53,35,25,2,72,24,93,96,80,67,9,95,96,31,7,2,22,8,84,90,6
27,34,10,28,82,65,8,51,55,5,24,85,87,35,77,75,5,16,77,32,38,85,79,47,56,16,70,92,85,62,85,38,80,51,23,16,78,20,59,11,23,3,83,68,49,29,70,84,9,51,41,38,28,69,44,30,43,67,97,83,24
55,59,80,37,57,20,33,94,70,47,65,96,79,30,90,43,45,56,95,6,62,27,83,39,52,39,42,80,32,13,49,66,57,81,66,30,69,80,68,98,70,68,94,87,64,18,32,61,22,52,93,8,24,28,43,59,13,42,83,6,58
70,92,11,40,66,70,85,62,15,1,4,58,82,66,19,60,51,92,87,74,49,72,11,56,95,84,57,74,99,67,16,37,95,51,34,26,57,84,62,88,71,77,75,29,61,47,44,3,17,93,2,37,69,5,80,97,92,52,58,66,39
57,5,85,98,20,96,50,22,15,84,76,3,29,32,70,82,70,73,89,70,59,31,87,13,1,36,8,66,28,49,2,89,44,6,50,29,21,1,30,85,48,72,80,4,10,96,23,85,95,46,77,16,29,46,77,72,5,1,26,17,69
17,52,27,82,57,53,62,43,41,61,74,30,12,88,71,5,96,85,26,61,45,30,75,77,74,81,63,80,86,72,33,63,24,97,60,62,62,39,45,21,34,3,80,36,42,31,60,79,32,30,13,2,66,11,54,80,43,67,18,47,6
23,35,31,40,73,74,92,43,97,19,53,69,42,81,83,63,19,12,2,75,18,70,77,7,79,39,59,44,73,38,87,53,93,63,16,79,87,81,15,41,58,13,65,72,72,5,43,24,51,76,88,96,67,95,58,97,83,26,29,7,74
50,35,32,82,5,28,97,62,6,85,43,65,4,75,18,95,3,35,45,55,97,53,64,57,24,77,42,11,16,60,38,45,99,88,17,56,5,56,21,15,70,92,62,15,87,93,56,77,64,39,61,4,42,97,8,47,1,76,98,4,12
58,91,5,21,85,63,30,76,8,18,48,27,14,2,10,46,26,25,80,2,7,47,38,7,57,97,43,63,61,58,3,7,25,23,5,4,73,44,51,32,25,24,13,46,68,91,45,30,31,33,99,99,26,49,97,91,56,11,61,30,81
46,94,86,13,73,33,24,31,42,54,54,11,76,8,94,44,30,2,22,90,67,57,69,49,74,4,63,10,92,8,33,82,17,4,54,74,91,23,92,27,93,22,66,62,42,1,92,72,35,31,58,5,25,74,32,9,7,78,39,34,8
87,34,60,38,6,88,82,18,90,72,86,79,74,4,74,92,43,83,72,27,88,73,40,25,95,31,11,56,72,18,63,42,48,23,42,16,78,40,72,34,2,16,55,48,1,70,85,10,93,11,46,93,65,5,60,14,88,74,29,89,6
83,49,17,71,23,7,69,50,91,41,68,66,96,80,17,6,68,3,15,44,46,30,27,75,21,46,95,25,42,95,81,96,67,70,2,16,4,71,12,26,16,15,54,99,32,79,54,78,89,45,28,52,56,22,23,39,42,29,83,21,75
18,19,17,50,70,37,60,26,12,2,20,8,5,27,69,41,82,17,79,4,25,60,4,35,61,35,2,35,29,31,36,3,90,57,52,22,38,24,67,88,67,65,61,6,59,73,48,83,18,99,16,25,23,66,45,3,60,46,78,33,99
13,20,39,27,22,79,88,16,57,6,68,65,48,28,20,25,61,73,48,6,30,24,11,69,32,39,84,14,72,75,50,31,19,88,93,63,16,48,14,63,66,30,54,52,29,19,98,57,75,63,80,58,27,80,98,73,13,30,18,42,77
73,51,24,1,45,65,73,71,52,32,7,12,29,56,69,84,79,2,93,99,90,71,54,53,10,82,42,77,78,18,81,91,92,45,9,96,35,42,91,98,89,43,74,73,54,61,17,73,35,73,66,43,50,91,64,49,74,38,8,10,56
24,41,77,26,70,58,75,62,1,2,90,38,54,50,92,67,76,71,84,17,71,72,64,96,20,78,53,55,96,15,16,45,3,60,46,74,21,91,96,88,17,77,4,47,90,85,3,7,55,94,64,52,97,58,20,61,97,71,13,93,22
7,22,28,91,49,93,75,21,58,48,66,50,87,44,85,90,77,78,63,60,43,25,97,20,31,26,35,46,89,27,54,11,64,60,5,87,77,77,61,25,1,39,39,46,84,50,19,30,7,42,65,7,34,69,32,97,2,77,10,20,28
12,83,6,22,42,35,40,66,24,68,8,90,89,17,87,80,7,81,6,2,52,79,40,8,36,34,16,18,84,43,9,53,13,79,28,8,65,9,87,64,90,31,38,90,78,53,2,48,29,91,7,31,82,37,16,43,24,29,10,5,50
27,20,9,93,99,30,76,41,37,81,17,1,77,4,40,86,34,64,88,22,73,61,16,37,23,34,26,60,7,1,46,7,91,98,83,74,79,61,43,16,54,4,23,38,26,88,70,7,78,22,41,94,81,81,56,14,83,9,69,89,80
64,84,25,56,66,72,64,30,39,75,47,51,54,8,85,81,81,78,3,12,65,2,27,9,66,41,16,39,85,25,18,38,72,14,67,96,71,40,58,62,3,27,56,74,94,58,48,38,14,27,41,14,39,36,78,51,98,88,31,76,64
58,19,43,22,5,67,62,81,50,24,18,3,80,66,59,57,75,89,73,32,95,54,34,92,13,55,31,12,80,69,75,22,8,4,38,68,75,35,90,42,42,43,94,30,72,68,43,95,62,4,49,37,26,42,81,41,16,53,81,90,89
45,38,19,77,38,78,28,93,96,17,44,87,86,17,78,70,14,41,51,17,86,80,58,1,88,38,23,33,8,23,40,39,44,95,4,32,62,84,91,42,22,91,55,45,60,27,41,62,95,73,90,24,13,48,81,83,50,36,70,39,81
65,13,42,54,43,22,23,69,75,36,90,43,51,24,90,15,90,75,9,92,54,58,18,19,43,93,61,2,59,88,66,64,50,45,63,93,92,83,54,19,76,93,30,95,31,47,3,88,24,58,6,61,84,1,79,67,51,65,20,65,59
32,68,12,51,73,64,7,82,96,95,23,1,92,42,50,59,79,48,30,13,38,87,38,5,58,86,20,92,42,21,34,82,45,94,61,6,56,66,15,92,72,26,20,68,52,91,10,86,35,65,48,87,66,12,29,41,50,97,91,1,23
88,1,92,51,79,32,74,71,15,61,7,12,72,29,15,39,25,62,80,43,65,48,88,93,79,68,92,23,7,71,33,67,34,64,51,75,39,70,43,21,16,68,62,84,3,40,97,95,37,68,94,21,53,11,19,7,10,46,15,47,77
93,13,76,37,27,96,98,47,2,61,65,60,21,43,22,98,28,83,32,19,19,83,5,22,3,8,3,85,40,72,84,54,60,35,54,49,96,90,43,10,65,33,5,81,89,40,22,10,79,2,4,16,94,35,25,93,49,2,64,44,52
78,42,19,96,3,21,58,53,16,74,96,65,90,48,28,35,41,5,53,78,38,41,61,73,95,57,75,67,60,83,6,55,68,35,71,19,48,96,76,63,65,99,46,46,49,57,97,63,46,57,87,72,58,63,24,16,53,28,8,65,95
23,49,7,30,99,4,5,68,85,37,14,28,72,15,88,52,96,6,19,72,25,51,21,89,46,30,20,29,78,87,81,66,48,71,43,55,27,88,34,9,47,37,89,77,58,45,51,40,70,59,6,67,66,54,53,73,74,24,69,28,10
16,50,25,37,55,73,74,93,75,53,10,98,81,71,47,57,74,37,93,2,42,60,20,26,73,86,31,93,89,14,87,54,79,13,45,93,20,56,19,80,54,67,44,14,54,73,90,58,45,7,39,25,37,10,19,81,53,40,31,68,53
57,4,68,20,24,89,23,35,50,35,23,66,14,21,2,51,62,59,11,56,39,54,98,79,1,13,74,18,90,8,31,73,89,37,36,23,91,47,83,46,31,29,38,13,35,67,47,1,81,3,71,87,21,30,91,45,41,49,82,85,46
54,65,88,84,84,85,34,49,68,42,85,66,62,25,18,81,38,53,1,73,24,72,48,62,1,69,75,60,25,66,60,14,48,99,76,11,23,11,71,36,33,23,74,43,17,74,89,80,6,55,6,99,28,34,76,14,68,5,99,37,67
81,44,19,38,73,68,80,83,61,52,76,56,97,16,11,23,9,81,84,11,83,40,42,65,96,33,67,26,9,48,32,78,25,66,74,44,4,39,34,12,89,99,45,39,61,64,17,12,89,51,28,8,48,23,1,85,92,58,43,11,52
66,27,82,16,32,65,54,45,50,14,92,90,63,6,36,66,35,20,95,74,47,89,96,79,48,36,41,46,55,84,70,93,39,1,71,37,16,40,35,31,94,51,76,22,72,5,27,23,33,49,46,77,29,59,29,85,41,62,78,26,24
24,67,17,68,55,55,72,29,14,78,2,32,48,70,16,38,4,61,89,43,9,49,48,61,78,10,30,14,9,75,7,77,41,17,32,2,96,30,53,59,74,57,58,72,39,55,94,98,14,92,2,61,26,29,30,32,16,75,91,23,71
69,26,9,30,50,1,83,45,73,42,94,32,6,52,42,34,51,84,7,90,14,23,30,92,28,25,66,31,96,4,23,48,2,39,82,69,37,8,29,57,37,18,14,98,80,27,15,36,55,3,94,82,3,33,16,1,96,11,46,8,50
98,59,64,90,40,96,24,48,19,61,94,61,79,72,55,88,17,19,22,96,12,92,20,55,75,10,70,38,4,1,3,3,86,37,77,19,49,77,47,77,96,41,80,46,39,54,78,67,42,87,1,31,59,55,80,92,59,75,5,48,51
4,75,37,37,39,64,38,33,18,70,10,51,40,12,46,90,35,10,3,95,52,37,27,35,96,49,87,49,97,5,77,28,12,90,46,91,63,68,23,25,28,40,52,88,93,55,91,30,35,98,56,33,62,92,48,50,64,7,46,43,96
38,60,95,45,62,44,10,34,83,62,44,14,47,52,63,17,35,69,17,84,7,80,28,56,15,55,93,14,73,11,74,22,67,11,53,24,51,58,68,15,48,2,53,67,77,94,42,84,43,94,44,50,37,47,18,10,24,73,78,58,19
29,8,76,82,88,9,18,36,39,81,7,33,81,15,59,18,55,98,66,71,75,75,37,15,90,19,82,88,64,62,52,77,56,23,3,55,14,21,71,79,5,16,74,98,18,72,24,20,8,80,15,24,61,46,10,9,5,11,58,52,29
22,60,53,70,8,76,11,30,97,30,32,1,87,7,53,55,39,37,68,46,57,59,99,63,4,56,35,49,78,64,31,43,98,85,54,96,44,49,69,50,46,16,29,14,30,95,15,20,91,4,31,49,92,25,43,38,30,55,64,54,42
68,82,57,11,80,45,94,19,62,97,84,18,69,52,78,66,1,8,24,48,98,78,44,62,12,3,70,58,59,84,10,19,40,56,62,36,81,36,86,21,73,58,36,17,88,5,77,81,40,42,21,94,61,50,33,18,76,11,77,75,43
58,59,50,90,95,71,74,85,26,21,33,17,13,7,12,32,30,13,67,92,33,46,3,90,92,87,24,12,77,56,89,91,71,17,39,46,52,72,94,13,25,31,45,35,80,62,11,1,58,30,64,16,39,95,21,82,70,65,61,22,99
98,82,70,94,63,54,25,90,36,89,49,26,91,10,47,72,15,96,27,93,63,5,87,38,54,87,55,31,21,93,47,78,91,7,9,72,90,59,36,20,10,90,91,33,54,32,46,2,65,50,93,73,70,56,83,14,56,8,51,45,22
67,58,8,16,12,40,95,53,19,34,61,20,91,45,26,18,94,53,64,49,67,75,94,68,18,29,33,41,67,80,9,83,91,59,74,26,80,10,21,65,17,46,93,84,66,27,40,2,5,57,93,22,98,69,43,61,13,49,71,43,95
12,41,46,10,2,77,14,13,52,20,58,52,46,84,10,1,49,38,79,49,84,5,77,33,89,23,15,97,17,42,37,12,82,91,53,81,45,15,28,99,33,18,35,5,77,56,49,34,61,18,72,42,35,44,36,3,64,69,94,89,5
70,93,55,47,58,14,51,45,55,38,36,8,51,47,64,84,42,6,43,91,27,19,42,73,64,31,72,11,7,43,17,99,76,64,66,17,21,92,34,32,46,20,70,89,32,44,52,54,35,63,95,20,57,78,23,20,1,55,45,29,19
92,95,1,94,43,74,82,50,28,54,91,91,16,24,38,14,93,38,79,55,67,72,20,81,94,53,59,13,77,8,77,38,64,25,77,81,46,40,48,67,86,7,48,76,30,20,30,60,43,22,73,30,68,90,39,46,48,82,92,97,95
71,96,94,68,5,80,17,62,68,73,36,11,6,71,43,24,94,9,59,41,46,25,25,42,4,12,4,88,29,59,13,42,19,69,90,65,33,31,63,60,79,48,2,72,43,20,50,35,61,73,44,89,8,46,11,26,85,77,19,90,21
69,11,27,38,14,83,88,97,54,96,25,58,16,54,2,6,32,47,28,30,43,79,74,89,29,14,92,87,84,56,72,12,24,95,38,55,70,47,27,55,28,20,63,62,30,46,80,98,40,93,35,79,92,84,56,88,19,70,53,2,87
33,75,20,9,74,19,73,19,70,59,10,77,55,17,70,57,61,49,31,35,74,84,52,59,4,28,86,53,25,68,8,72,56,83,47,13,50,28,34,90,82,88,45,85,2,29,54,30,72,7,40,53,26,55,56,33,21,35,49,91,67
33,60,19,20,33,31,82,44,49,66,56,68,47,84,44,5,11,46,60,39,50,66,90,93,15,59,23,85,38,24,83,32,53,22,7,80,50,45,74,26,6,25,71,99,73,26,65,52,74,58,4,97,16,13,21,5,93,60,34,87,8
12,51,72,29,98,82,54,79,39,15,14,61,36,99,58,56,88,99,48,2,78,98,22,28,77,37,32,18,60,18,20,84,40,12,24,75,53,5,40,95,31,56,58,49,70,20,34,90,71,7,13,28,85,25,30,46,77,5,68,12,48
53,52,20,25,79,81,53,36,78,88,75,48,78,41,90,51,85,98,22,76,41,45,75,84,71,92,97,13,2,96,65,34,2,44,95,39,65,11,93,2,72,79,48,16,13,69,37,44,64,36,4,44,65,65,12,39,99,33,84,92,20
78,49,61,68,35,86,73,30,41,85,56,12,78,6,24,62,78,32,61,65,33,60,75,99,98,72,73,98,71,58,10,71,13,96,59,36,79,17,75,16,40,15,98,65,10,84,66,15,21,95,12,77,59,23,19,63,83,26,62,81,35
20,86,8,36,18,88,64,5,3,86,39,62,39,41,51,24,11,52,46,94,27,78,97,54,65,76,88,47,22,82,48,71,90,18,65,67,77,22,75,54,66,22,18,6,67,27,90,19,57,84,93,14,81,12,60,80,92,72,92,86,31

The initial sequence dependent setup time of each job processed on machine 6.
(Where rows denote jobs: 1 to 60 and columns denote jobs: 0 to 60.For example:The value of Sijk is in row j,column i+1.)
56,1,40,86,62,75,23,95,60,67,65,64,28,55,4,29,71,40,70,54,18,50,57,46,46,42,77,31,15,30,73,33,39,76,2,89,43,51,18,3,93,87,85,51,35,41,38,68,84,10,54,43,46,80,98,38,69,1,68,42,4
86,42,20,17,83,36,60,18,30,67,62,81,52,41,95,21,86,92,55,30,14,34,4,1,60,66,62,90,28,21,86,99,98,29,3,65,20,52,63,13,67,98,54,73,59,34,30,53,40,97,97,46,33,98,17,9,37,30,82,16,73
69,69,75,4,48,60,51,5,54,55,12,18,67,2,14,87,13,35,91,39,98,66,41,2,51,42,88,57,73,62,4,17,32,79,44,77,49,84,35,62,55,35,98,36,41,68,6,86,98,71,37,36,61,81,56,51,76,85,30,45,46
64,84,93,23,63,76,12,94,26,81,42,77,51,32,66,10,6,92,22,59,39,17,49,84,92,4,65,8,46,91,38,12,97,25,63,88,44,68,9,6,60,20,69,12,36,41,67,20,22,85,82,9,85,51,19,20,59,4,37,37,27
20,48,82,76,10,34,36,29,73,57,83,64,8,95,90,47,95,82,29,72,60,56,98,54,66,51,52,88,80,80,98,85,62,70,56,40,24,50,31,22,12,17,4,45,96,34,21,72,72,38,38,71,29,8,24,87,44,84,91,52,5
52,45,39,84,97,83,88,90,8,21,16,4,61,4,38,68,34,15,47,3,91,62,35,55,15,39,75,74,94,5,1,56,45,92,99,58,87,99,97,46,66,26,72,11,6,73,13,93,17,17,87,85,68,83,71,62,35,6,73,56,45
38,40,3,96,8,26,88,13,51,35,65,10,25,69,98,35,36,74,74,21,85,35,51,53,38,53,40,7,1,48,21,10,86,15,68,63,93,70,31,81,31,43,12,65,87,36,5,58,83,69,7,50,1,81,30,25,87,75,32,40,66
44,39,86,15,5,8,12,72,46,46,4,44,24,29,87,50,42,87,98,20,71,63,42,93,97,43,67,20,71,66,74,1,44,6,88,73,58,30,58,20,66,68,37,47,3,99,39,2,11,10,30,35,60,5,5,8,78,38,40,67,27
41,58,91,72,31,96,82,24,38,40,98,26,85,68,17,55,10,35,66,34,73,98,11,68,91,34,99,76,64,48,15,51,90,87,33,57,81,73,15,22,28,54,78,13,81,26,39,62,8,72,8,84,61,14,69,93,50,77,52,58,9
25,90,22,15,80,32,93,53,16,21,8,73,84,99,29,41,19,4,65,97,57,79,30,63,32,74,42,79,75,41,64,30,47,88,70,31,77,24,8,37,54,52,21,68,35,10,22,60,92,6,48,84,26,77,31,96,32,16,73,54,81
11,40,65,77,58,8,18,65,41,59,67,63,57,69,30,88,51,64,89,20,93,60,3,89,47,72,7,26,83,94,48,35,40,60,94,9,69,51,98,74,37,98,27,98,96,87,13,31,36,58,47,73,34,90,33,91,95,67,61,54,1
79,17,63,62,28,84,51,5,12,8,47,28,96,65,98,37,15,76,31,10,80,9,62,58,27,95,55,21,25,23,50,81,63,1,31,45,90,48,7,61,61,4,75,42,66,78,60,39,78,50,97,11,41,98,2,52,90,29,89,52,17
27,2,64,95,46,73,46,14,66,57,94,36,19,44,43,95,98,47,26,24,79,92,42,19,31,2,46,73,47,8,23,41,41,63,81,46,10,17,93,93,29,23,85,3,55,16,55,81,55,41,71,48,89,44,8,77,72,4,47,56,70
68,10,5,57,46,95,90,82,65,99,84,51,3,93,56,74,25,32,98,89,75,5,86,5,90,40,65,82,1,81,82,74,33,17,6,2,32,13,53,82,34,31,10,7,6,94,97,27,87,43,35,5,27,59,85,92,35,8,20,5,41
97,88,39,56,51,5,86,78,62,97,14,56,2,31,17,88,7,59,23,46,65,40,77,39,13,7,68,16,15,97,88,29,35,28,17,62,88,24,72,10,20,90,79,71,65,59,21,24,83,16,64,66,7,82,83,44,10,40,29,11,53
2,36,35,85,35,24,54,14,7,1,9,35,60,28,97,19,58,46,2,83,50,31,21,29,23,60,15,63,6,34,45,74,11,41,91,67,18,83,45,82,37,90,6,18,4,54,55,49,35,94,83,11,94,68,16,74,76,15,53,30,63
56,82,76,81,46,50,48,2,50,93,30,93,43,64,62,59,87,25,54,40,52,39,40,63,75,81,22,43,67,26,48,66,76,55,39,73,99,11,32,27,94,16,91,14,4,83,31,67,5,69,57,99,30,70,61,14,57,29,66,34,24
82,58,66,77,44,51,99,44,76,31,67,96,33,60,23,78,25,84,41,79,34,72,22,18,56,10,74,13,57,41,24,41,92,3,27,66,74,22,7,45,74,38,25,86,97,4,86,30,84,34,74,71,71,67,40,23,74,18,65,6,78
2,30,86,79,3,30,56,46,24,20,81,69,40,95,60,17,72,49,3,80,40,54,85,34,61,22,6,71,1,18,95,99,58,66,58,64,47,3,12,89,60,31,41,56,36,27,12,25,61,4,88,37,36,36,40,41,51,98,83,42,32
19,89,64,96,2,47,67,27,15,18,88,87,7,98,39,33,66,78,63,92,99,56,57,28,47,44,72,20,76,36,65,47,53,88,50,64,26,24,38,6,63,54,22,9,31,48,84,95,12,96,16,23,48,21,66,77,41,94,59,48,24
70,63,87,5,12,6,37,4,11,11,58,93,30,73,1,46,95,83,35,33,42,74,54,36,17,77,68,14,43,85,62,23,58,23,39,29,34,57,62,47,63,39,72,60,93,25,95,92,33,69,39,31,26,97,13,38,84,77,48,43,21
62,97,4,54,21,74,81,80,57,57,88,41,47,34,5,9,22,57,85,92,55,60,50,71,14,49,89,87,99,34,29,1,62,72,10,59,75,39,76,68,45,92,54,28,58,87,7,77,9,95,34,35,8,29,36,76,92,70,7,57,20
95,28,56,17,12,2,93,21,81,28,20,78,29,99,23,58,36,18,69,98,70,72,34,50,42,44,68,1,97,37,20,2,79,30,72,76,74,93,27,97,82,90,8,70,35,50,33,74,16,8,91,4,13,28,94,68,4,29,10,31,19
81,87,95,35,78,82,96,5,54,29,74,35,57,1,50,56,85,34,61,18,45,33,50,80,91,56,85,77,9,41,56,94,20,36,88,99,56,54,71,58,5,75,62,65,22,83,71,96,6,64,47,13,6,1,22,91,19,74,7,25,82
12,90,78,95,10,91,12,85,44,38,93,69,61,53,3,31,80,2,58,66,17,94,32,24,85,4,82,16,5,87,97,72,78,32,33,37,75,7,52,47,25,22,24,32,27,11,56,9,41,77,41,9,82,77,6,34,15,26,45,82,14
14,14,56,37,56,13,82,1,58,18,47,79,96,3,8,66,74,76,65,46,57,19,83,75,1,12,12,80,22,28,99,23,7,1,10,97,43,90,1,5,33,75,42,38,74,11,52,21,33,48,45,56,77,86,97,43,84,10,59,17,4
83,87,54,87,39,13,38,27,23,55,55,89,10,70,19,86,50,43,12,46,8,66,33,79,29,34,7,66,13,14,31,38,74,89,11,9,44,83,77,71,52,97,93,45,9,89,81,29,60,73,25,52,22,52,67,65,16,6,81,50,59
22,49,99,21,65,82,73,15,36,57,22,32,61,81,26,12,35,56,24,23,30,40,54,56,31,34,16,47,69,53,12,47,12,36,97,76,34,87,68,24,32,73,71,60,5,87,51,55,45,71,17,97,56,61,72,14,50,33,79,12,20
7,92,46,81,74,16,83,11,94,14,40,11,86,68,20,35,74,65,74,21,28,44,33,24,20,87,22,73,8,88,65,36,66,2,79,84,87,87,28,26,21,56,4,88,36,95,43,35,62,71,44,20,65,16,77,59,72,90,41,88,96
41,13,18,16,66,69,72,62,33,7,19,7,26,97,90,38,50,23,26,67,39,90,98,48,30,1,33,45,29,89,36,55,97,90,68,65,14,80,82,20,25,37,25,40,56,8,60,52,57,48,90,55,42,16,13,56,88,7,48,34,20
82,14,64,79,35,37,68,46,80,33,7,82,14,46,81,67,26,26,54,32,4,81,78,66,88,59,67,18,26,86,59,94,67,71,86,83,71,25,61,68,4,38,1,93,75,18,10,98,45,60,90,73,81,99,50,91,80,52,93,76,60
91,17,68,87,84,10,65,92,70,87,59,20,46,1,93,48,70,75,97,24,6,13,94,36,41,9,30,53,97,6,73,64,56,57,69,72,80,67,59,31,91,8,33,51,37,99,85,94,88,95,46,20,20,39,13,59,18,72,6,16,89
78,97,43,2,34,65,86,24,89,19,63,48,94,34,75,28,24,30,98,69,9,44,55,6,26,23,11,82,66,57,14,21,80,44,37,48,86,71,43,6,58,43,14,52,86,11,14,96,63,37,65,3,48,79,23,43,84,85,62,55,68
39,77,67,19,84,6,74,80,15,72,78,15,28,80,77,38,59,89,46,31,54,94,14,12,55,95,98,23,32,91,27,97,77,59,7,28,22,47,97,48,54,61,80,52,81,82,65,85,98,67,86,71,63,52,23,57,76,12,83,63,95
6,94,71,98,40,51,14,55,49,93,11,35,45,12,44,97,69,49,65,27,39,1,90,25,46,19,14,85,79,65,98,40,7,64,21,92,5,30,92,45,42,61,86,70,83,4,2,19,22,70,74,58,12,36,23,28,92,30,80,57,54
79,49,92,8,18,45,94,44,92,3,58,2,45,23,25,78,73,63,71,45,5,43,41,57,82,31,11,89,3,39,52,93,24,14,45,34,58,91,12,32,33,92,20,48,77,63,34,22,91,7,59,62,46,30,99,65,43,84,88,20,98
14,18,68,75,50,24,20,1,51,78,68,87,19,43,66,67,58,49,58,57,53,65,82,14,78,10,70,22,94,22,8,93,1,83,70,49,46,4,18,4,56,98,37,40,59,90,23,99,95,88,18,75,76,53,18,44,30,33,43,98,10
76,53,8,74,52,20,99,12,59,62,49,80,58,40,80,95,40,38,79,3,65,86,2,42,40,5,20,26,12,48,54,87,31,86,16,30,14,60,45,9,75,60,45,98,36,35,50,50,1,95,98,78,50,14,68,85,69,47,44,64,72
3,9,46,84,15,30,26,99,93,56,91,66,49,25,91,59,12,84,47,25,25,46,25,57,7,78,48,57,83,96,54,75,39,56,40,73,59,29,51,3,85,12,23,40,41,42,23,97,24,15,59,88,93,26,40,30,29,73,13,46,74
30,10,18,20,10,25,59,99,8,81,4,49,86,57,56,26,90,64,5,79,69,65,58,32,8,8,42,56,21,82,27,42,92,53,99,14,93,64,16,90,93,68,2,55,88,91,37,78,95,85,38,67,42,31,79,81,52,5,13,66,19
41,39,99,61,27,70,75,55,98,36,52,13,12,43,55,24,9,23,53,76,68,97,64,40,8,47,59,5,80,69,29,2,73,19,20,7,83,33,57,2,63,66,97,77,34,8,71,79,85,40,37,48,75,20,27,37,5,5,21,69,55
18,24,59,44,21,86,49,30,95,55,13,10,63,34,59,65,97,19,9,35,16,13,98,92,9,73,96,48,23,3,72,50,95,15,52,48,75,65,63,19,26,29,63,52,2,41,28,41,94,33,47,93,87,79,36,80,71,23,85,96,86
70,98,57,21,56,27,67,26,46,61,85,27,12,74,92,55,20,31,30,1,49,42,56,29,84,32,17,42,23,75,50,25,30,44,30,85,35,70,19,24,13,18,11,29,48,6,66,82,74,95,61,25,32,28,76,76,44,8,1,52,72
17,40,64,19,33,22,60,97,33,73,37,14,95,9,6,1,37,40,94,56,74,32,94,4,80,78,19,55,46,25,59,45,47,73,83,63,76,71,57,34,82,48,13,30,96,3,25,34,25,45,54,48,4,51,43,73,64,1,55,81,46
6,94,36,30,43,43,77,27,42,14,74,88,23,80,92,14,72,96,30,16,30,67,32,41,4,20,51,76,50,35,36,46,9,16,83,16,95,92,36,63,87,18,52,61,71,99,70,47,65,62,47,77,80,91,59,99,99,77,1,25,39
86,95,60,87,71,46,17,38,5,25,35,51,70,80,49,97,98,55,53,90,15,53,99,1,68,88,53,55,51,13,33,16,20,60,45,9,74,44,53,65,39,12,43,99,15,87,74,98,71,30,34,7,90,61,75,78,15,65,37,54,9
26,65,17,31,48,65,30,35,67,99,36,87,47,47,59,94,86,24,43,54,98,9,70,66,92,1,40,55,72,86,26,12,95,90,29,93,17,47,81,93,19,87,93,78,55,86,79,98,76,11,37,60,2,43,22,26,73,18,48,31,63
36,36,47,51,1,53,86,91,16,81,60,86,27,72,7,86,65,34,12,61,77,97,82,96,28,33,52,5,12,54,62,90,76,49,28,88,89,23,67,6,96,94,61,21,74,72,25,67,74,29,27,61,78,66,56,98,50,21,41,91,61
56,38,19,25,45,1,94,22,70,63,82,91,85,50,66,62,15,59,17,21,20,61,66,84,6,19,38,40,10,90,65,89,81,29,20,61,14,39,36,91,32,39,74,61,38,82,81,59,80,8,90,18,86,81,27,23,39,85,59,47,83
57,94,10,39,67,58,81,58,69,61,61,98,14,47,38,28,20,53,65,89,5,30,48,42,58,11,94,10,7,75,2,83,68,56,58,98,54,66,14,97,39,35,9,52,91,84,88,80,14,23,36,25,26,1,21,1,61,4,8,4,85
4,95,96,73,83,3,65,85,43,21,10,17,45,85,18,80,52,73,50,61,42,73,36,85,6,99,92,48,15,13,63,60,12,74,36,43,40,77,9,19,50,77,17,36,82,14,69,53,83,83,47,52,83,66,25,10,89,21,86,22,99
16,1,1,32,31,73,27,99,99,68,65,38,27,50,37,17,35,75,35,98,75,73,96,41,59,50,32,95,28,53,48,14,63,99,92,69,38,94,52,75,38,11,81,62,50,44,14,99,22,37,72,35,1,85,91,84,75,83,23,18,29
8,74,93,80,24,72,26,27,42,13,36,75,81,93,6,77,43,84,6,55,92,37,38,12,94,20,78,72,91,10,77,8,37,78,59,24,84,1,57,17,81,75,80,54,79,66,26,71,22,29,95,61,50,26,99,1,6,58,11,67,44
92,95,74,82,88,99,17,47,73,53,18,4,15,35,66,45,19,30,41,70,59,26,76,53,40,19,35,31,54,84,23,15,14,31,12,97,33,45,1,19,9,90,13,83,81,83,96,38,22,71,87,38,74,60,11,93,61,30,97,12,86
59,52,10,29,94,28,34,49,97,76,13,73,76,54,77,59,31,82,84,83,79,57,55,5,83,80,59,23,60,75,59,13,88,43,33,37,65,8,47,66,99,20,58,53,42,99,5,2,53,57,9,99,99,41,12,74,94,8,89,57,16
34,35,60,60,68,51,14,34,68,47,11,42,26,19,98,30,89,40,86,68,16,1,88,32,53,52,80,8,42,94,40,83,51,50,31,60,30,58,42,14,70,4,12,64,55,83,77,28,5,94,8,3,5,51,53,72,28,73,17,54,54
21,95,13,49,72,24,57,34,53,39,10,92,35,13,67,58,91,55,37,43,51,77,89,93,48,20,20,97,46,16,54,94,7,52,64,12,14,80,62,83,15,50,70,40,69,71,20,28,62,29,74,94,24,4,84,19,99,66,41,99,34
77,13,2,12,96,23,14,60,14,45,86,32,34,74,62,61,4,81,81,24,81,51,55,72,27,29,20,23,1,47,1,67,5,40,29,35,42,54,38,79,43,15,85,99,39,64,19,59,68,30,80,2,45,71,38,90,46,65,23,69,76
42,60,92,88,17,17,92,27,53,56,71,24,41,25,97,43,84,6,39,9,32,65,44,40,80,86,32,10,37,6,18,81,78,83,95,28,39,10,71,93,85,80,47,59,78,68,45,30,43,33,50,98,2,87,18,65,50,74,83,7,30
51,9,45,5,35,95,11,73,86,56,68,83,15,77,21,56,8,20,28,72,62,28,56,55,29,88,73,80,93,72,16,30,36,85,82,57,7,8,40,45,22,34,40,48,17,50,68,87,25,66,72,54,13,99,8,93,27,49,33,29,51

The initial sequence dependent setup time of each job processed on machine 7.
(Where rows denote jobs: 1 to 60 and columns denote jobs: 0 to 60.For example:The value of Sijk is in row j,column i+1.)
92,70,74,6,34,85,88,14,49,42,20,49,62,87,22,18,84,28,44,42,30,95,36,11,80,27,21,50,69,66,83,32,12,65,60,13,3,83,49,72,76,70,11,7,69,76,77,4,90,2,28,81,63,91,67,19,26,18,39,54,63
71,83,14,88,87,44,21,43,98,2,48,20,31,96,55,49,98,23,22,21,90,65,23,35,30,55,78,52,69,90,86,61,14,31,49,49,87,59,61,76,37,61,89,12,55,18,69,27,88,41,12,46,30,71,52,88,13,63,77,65,14
86,95,43,24,78,9,97,66,71,32,71,92,79,93,47,30,6,20,65,15,58,20,63,63,23,68,27,47,55,57,2,33,22,78,54,93,13,25,83,64,31,69,54,23,91,88,91,34,53,96,73,95,51,30,18,48,49,73,18,50,4
29,42,83,71,65,97,63,60,28,45,79,75,8,89,84,1,5,76,66,43,62,35,84,58,11,35,25,25,64,47,83,13,64,43,48,13,71,32,76,85,87,55,24,96,96,60,55,27,87,79,72,8,17,23,65,79,14,44,62,27,56
27,99,86,40,57,32,77,54,12,21,57,75,11,20,69,88,22,87,31,94,4,29,85,4,98,45,51,81,12,80,86,58,51,7,55,57,15,17,55,73,28,10,83,64,54,47,36,7,98,51,87,16,23,76,51,80,30,80,23,85,47
19,74,96,27,19,96,87,8,60,67,87,16,79,9,18,92,56,63,32,31,66,98,47,88,45,73,80,89,85,86,4,98,23,70,28,99,14,20,72,74,56,95,13,94,36,99,25,43,2,47,89,53,77,60,57,17,68,28,2,24,30
86,70,47,39,13,31,98,89,76,3,41,7,99,4,13,52,81,35,95,37,80,63,16,27,80,69,38,55,22,82,10,66,26,30,73,39,96,21,95,79,53,16,37,99,10,96,14,64,99,39,74,30,49,57,8,53,34,22,75,43,10
56,92,73,5,91,75,93,95,81,96,32,95,18,36,83,12,44,48,33,85,65,16,62,1,22,87,71,35,5,86,85,62,37,5,20,28,4,35,95,99,11,69,56,75,55,52,32,81,82,27,51,24,81,26,21,18,44,92,86,19,71
25,82,99,60,50,40,32,23,20,48,57,58,3,80,29,22,77,57,90,34,5,22,66,36,38,24,61,52,19,38,74,67,57,89,67,17,82,83,39,15,19,73,44,11,91,74,83,42,4,22,39,45,15,95,92,56,50,5,98,73,27
21,95,28,7,77,19,99,9,50,57,93,84,57,38,16,45,2,98,56,9,92,6,73,19,46,98,56,71,29,34,18,15,71,56,3,66,26,2,42,56,90,65,71,65,4,84,58,11,85,40,96,43,22,94,78,98,24,47,81,96,53
88,76,60,26,92,93,16,29,57,20,61,36,31,4,77,45,96,82,35,99,32,25,87,3,92,13,70,9,1,6,59,51,67,47,73,12,53,54,72,40,22,47,39,78,55,1,53,19,93,27,21,91,44,86,70,44,98,49,37,25,52
95,16,46,81,53,6,37,99,68,20,37,11,77,38,65,37,99,62,86,95,77,32,27,9,12,32,33,24,5,62,25,22,62,60,12,93,46,96,42,59,4,72,47,22,21,68,19,29,33,93,72,53,46,60,36,13,8,19,75,95,92
20,1,93,19,55,37,29,36,3,84,4,57,33,75,5,83,81,80,10,1,57,71,19,7,17,55,48,61,18,60,36,64,88,49,14,68,93,22,48,26,27,8,68,74,87,58,85,40,25,77,80,61,87,52,85,21,92,39,35,19,39
14,26,41,38,89,49,65,80,82,64,92,17,9,65,90,68,37,85,89,32,25,10,26,23,93,20,98,66,47,24,41,28,44,64,51,55,62,76,96,76,89,54,33,8,3,27,23,12,42,80,56,47,53,63,30,30,73,22,60,98,62
83,22,46,53,76,52,97,94,63,63,86,54,45,28,49,77,57,17,60,94,48,56,33,67,48,1,12,10,19,53,98,38,65,65,51,34,28,43,97,92,68,42,56,49,56,52,95,84,15,58,91,74,48,72,75,23,93,87,16,99,82
58,56,13,36,92,79,23,22,62,48,64,58,48,17,14,47,78,64,58,32,28,82,14,6,76,68,43,61,80,42,54,91,12,24,52,14,10,93,61,81,48,75,34,55,21,97,54,84,8,97,16,86,3,71,31,47,91,90,41,84,18
35,39,78,6,78,87,70,97,9,75,19,72,39,51,65,16,82,88,95,2,41,11,49,86,43,85,22,27,3,2,89,5,18,40,69,96,79,97,93,22,46,77,52,26,24,87,86,94,4,37,85,28,34,58,73,96,9,51,86,19,51
65,85,29,14,73,3,7,59,77,19,7,91,44,30,88,69,5,5,77,27,42,1,79,70,71,67,34,96,69,48,12,30,17,54,12,91,12,85,14,12,67,46,48,58,18,29,25,92,66,27,8,33,60,63,96,46,77,48,86,59,64
26,44,59,14,34,6,87,13,81,47,33,7,38,79,3,28,38,87,4,36,6,59,6,62,14,89,15,18,78,75,62,58,35,71,74,43,57,4,92,98,7,69,23,91,65,76,37,91,82,19,55,3,15,40,77,75,71,92,50,16,36
72,4,36,98,27,97,17,3,5,26,19,40,76,38,76,19,79,6,45,22,59,12,17,1,10,76,76,40,4,12,91,17,37,52,46,8,32,25,90,38,50,7,66,57,53,91,8,97,86,75,41,15,85,37,53,55,48,78,11,99,62
14,22,34,64,43,70,78,80,25,21,14,48,78,23,38,89,94,80,92,36,46,64,15,73,36,34,41,38,44,14,70,26,35,5,53,22,29,56,64,57,82,25,48,66,62,70,4,45,91,77,57,30,79,74,40,81,28,25,47,31,2
63,19,83,82,90,48,79,89,36,89,30,11,10,37,29,98,49,74,41,18,49,44,88,47,62,21,96,72,71,16,33,4,22,72,24,71,19,5,6,7,11,99,54,33,43,67,24,93,72,53,36,3,8,61,52,49,9,23,73,42,25
21,20,94,58,70,96,95,64,69,16,97,93,59,66,46,1,16,50,44,69,27,51,50,40,50,46,30,63,1,99,88,85,83,29,3,13,30,89,33,32,87,1,28,22,17,75,82,31,97,91,65,45,19,80,38,87,6,45,8,60,29
92,94,22,25,41,51,40,20,30,7,66,15,96,85,47,67,5,33,37,48,96,61,77,54,18,63,20,25,5,17,42,32,63,54,19,23,58,91,27,25,9,8,99,16,70,71,86,47,30,83,25,20,5,76,64,73,51,32,20,36,23
90,92,14,71,8,92,33,27,94,63,30,63,11,78,78,44,9,15,8,42,66,91,31,55,19,9,68,59,17,8,89,9,89,4,69,70,7,79,86,53,67,6,97,77,82,43,16,44,14,62,71,83,3,52,31,68,24,56,34,9,98
37,31,16,29,49,17,2,82,43,87,67,5,40,85,97,42,14,60,26,93,38,91,92,96,72,67,5,16,4,53,33,91,17,13,11,61,2,46,14,68,31,63,95,45,67,98,13,49,61,55,9,50,8,4,67,60,79,96,1,87,66
61,25,67,56,45,80,55,41,98,36,69,88,31,89,42,28,93,1,34,82,7,18,75,35,18,63,30,96,77,32,60,12,71,33,15,47,89,21,81,48,97,95,87,79,92,54,39,95,84,47,98,81,1,87,17,62,59,46,20,7,42
71,71,23,29,55,24,64,56,32,91,83,44,80,69,55,29,86,16,29,97,64,16,85,48,27,4,65,48,23,27,47,62,95,80,57,47,34,16,29,24,65,61,56,65,52,25,86,4,62,86,10,12,71,35,45,30,75,6,7,57,37
73,83,16,13,81,34,53,63,87,88,24,52,35,63,39,20,46,32,92,20,77,27,21,4,55,38,25,59,77,18,3,73,32,17,56,66,61,47,31,50,71,67,73,34,30,35,18,98,84,33,91,92,71,51,50,67,83,59,29,21,36
6,80,95,3,82,29,81,66,26,96,61,19,3,75,78,85,61,93,52,41,67,6,2,20,4,65,9,66,20,36,32,38,94,36,31,38,49,9,67,62,92,84,42,33,21,77,14,2,51,99,53,41,18,69,16,43,26,74,54,4,17
67,41,42,39,68,27,89,44,35,52,26,89,4,11,65,14,54,12,28,39,83,72,36,1,59,51,21,41,3,10,10,43,58,39,35,69,70,21,53,76,70,8,19,51,16,32,48,51,6,24,18,40,46,5,5,48,79,32,41,80,89
78,34,56,44,42,82,45,19,36,49,10,46,71,40,89,29,8,24,78,61,70,47,93,75,35,32,6,61,84,40,25,97,44,91,41,59,35,56,9,38,30,70,6,9,72,29,48,4,12,38,35,22,95,10,21,42,4,13,95,26,90
96,96,6,88,94,79,32,65,35,79,47,38,13,48,12,4,93,44,1,23,87,39,95,84,41,33,52,99,29,28,60,13,19,25,27,25,72,42,22,70,60,5,94,7,1,81,60,62,43,58,80,62,42,32,18,72,71,92,63,82,43
2,22,46,58,29,25,96,77,28,23,20,94,43,83,45,8,39,64,35,43,66,80,23,94,10,38,3,45,92,60,65,80,9,23,19,71,25,24,49,61,24,63,44,32,47,53,6,75,62,94,3,41,80,78,63,16,17,46,8,29,35
11,67,12,46,69,93,78,45,50,2,1,9,75,28,3,93,81,23,73,82,67,48,3,74,27,84,67,25,24,6,36,64,80,68,84,4,95,24,37,83,16,14,94,7,71,11,80,86,25,37,27,3,98,9,8,68,2,23,38,2,98
64,41,53,77,58,73,53,81,96,18,64,60,35,34,8,9,59,77,63,55,23,7,24,86,56,45,9,84,2,25,92,73,3,14,23,25,75,31,82,38,4,94,77,39,89,24,95,74,90,73,11,88,76,7,43,29,92,63,67,91,9
60,49,81,56,23,92,74,85,6,89,42,42,65,95,21,46,5,95,64,45,2,50,95,48,33,78,22,52,32,33,25,89,23,36,73,68,21,62,61,64,46,76,27,19,64,18,16,77,55,59,80,61,89,15,74,65,39,40,61,75,2
87,33,65,98,34,90,33,16,58,62,48,46,59,29,3,47,73,32,58,44,45,49,47,31,91,42,55,76,52,11,74,34,85,83,64,83,98,88,99,26,43,26,85,37,49,61,12,90,50,54,11,54,2,51,56,40,44,88,97,47,95
46,19,42,48,11,15,39,9,25,6,46,52,52,83,20,27,25,89,43,86,94,53,44,8,55,76,15,50,43,93,2,66,63,66,88,61,26,23,96,53,38,35,82,96,3,79,17,16,16,10,1,63,87,74,30,20,8,29,66,71,17
14,65,79,48,4,27,72,89,61,5,69,75,69,51,69,40,99,54,81,73,33,54,84,30,59,13,63,71,86,59,66,85,67,23,46,8,58,8,96,50,44,7,26,57,36,20,74,5,97,88,4,73,4,32,63,77,71,74,91,53,5
11,86,11,57,50,16,88,94,8,60,6,62,50,40,34,68,11,23,69,96,93,82,89,17,43,21,80,89,30,61,27,24,37,29,50,48,95,76,17,76,47,91,65,82,88,71,40,56,9,33,73,22,74,63,37,11,79,36,46,3,98
65,36,3,90,3,74,83,94,51,48,69,12,53,5,45,53,13,49,4,42,82,18,19,65,25,44,51,67,82,88,48,77,60,22,5,34,54,17,85,20,53,53,33,6,39,18,45,61,98,77,45,87,17,43,26,36,62,45,49,57,58
60,57,45,63,38,64,2,22,44,96,76,11,46,83,36,11,92,98,51,76,3,79,80,60,18,60,45,45,23,64,51,38,40,17,6,55,30,68,93,49,31,95,93,48,91,10,13,1,73,5,17,1,99,75,21,90,13,95,17,34,33
66,6,31,57,57,22,1,4,86,59,95,26,22,86,22,74,18,87,88,77,45,84,73,28,53,8,54,44,1,3,16,84,82,76,9,40,77,51,51,32,54,37,75,26,44,2,48,32,60,68,20,19,75,12,49,73,13,8,34,1,76
24,98,48,97,9,95,3,68,46,30,42,48,57,45,6,15,77,7,68,41,2,56,18,57,43,15,42,31,98,52,41,9,9,10,50,11,71,3,28,37,35,20,56,66,44,93,88,36,78,90,90,60,80,88,11,90,38,9,47,21,74
2,49,11,20,29,40,53,91,6,77,10,75,61,57,43,54,64,11,45,6,7,46,2,2,93,15,67,45,59,9,91,20,36,42,23,73,57,19,55,39,20,28,73,53,65,93,59,12,28,65,7,70,12,98,20,58,32,50,72,31,45
32,60,3,2,44,10,92,82,55,7,33,34,48,70,90,14,98,16,16,27,5,59,79,46,34,78,52,94,53,77,17,31,99,44,88,54,16,50,45,51,21,1,69,15,85,56,54,73,9,45,89,20,89,67,7,23,19,58,28,60,99
43,91,94,45,8,89,98,64,12,4,97,94,1,25,42,90,83,9,32,66,3,34,7,23,55,31,33,76,99,26,31,92,75,61,79,32,55,79,41,16,11,38,82,43,56,30,86,94,54,23,70,7,24,22,54,7,70,10,24,15,41
64,95,3,55,96,84,83,51,38,72,32,75,53,57,60,30,35,42,85,62,92,62,9,18,54,71,70,18,14,68,96,76,39,51,49,43,7,84,18,14,93,23,84,23,8,41,77,57,7,34,17,89,22,91,56,22,27,68,65,43,63
20,60,49,91,15,62,29,48,76,2,17,73,21,5,64,21,83,16,12,89,67,24,31,87,97,81,60,32,3,49,39,57,41,93,43,15,28,30,67,24,73,56,71,3,78,11,90,5,15,41,39,23,90,48,92,27,19,34,19,15,76
42,41,17,2,93,29,96,32,10,82,69,96,26,12,59,44,61,31,8,16,46,92,48,16,51,73,40,11,51,33,69,93,26,13,55,27,31,60,33,73,51,32,18,9,70,43,34,25,3,49,23,83,62,56,80,90,9,59,22,30,58
93,12,81,44,54,53,65,8,10,64,51,72,77,76,62,94,45,38,11,37,62,16,45,28,33,37,5,98,68,88,61,18,78,48,93,97,91,13,51,97,23,42,90,19,48,67,33,39,80,64,42,59,89,51,96,84,97,42,63,66,95
98,64,77,33,37,70,8,9,32,71,3,87,43,25,99,61,36,67,53,78,47,44,89,91,44,4,37,70,71,87,51,66,83,73,17,53,27,12,89,11,8,52,7,94,17,91,7,70,44,24,64,53,61,65,87,82,57,54,97,98,81
93,22,78,5,89,8,72,36,18,41,32,36,91,94,11,46,19,11,81,18,3,30,70,18,30,52,88,18,31,63,16,32,95,90,44,35,43,89,25,36,57,66,38,87,69,53,89,90,29,13,64,78,75,96,23,95,64,94,50,4,71
29,84,83,22,19,63,98,25,30,78,78,45,90,54,61,81,74,82,60,18,89,29,53,56,24,97,27,57,20,77,33,81,39,58,12,45,2,40,45,18,32,21,3,22,68,6,85,97,94,21,6,7,89,43,70,81,95,16,25,76,77
32,80,86,9,85,54,78,54,67,10,11,6,92,52,43,46,61,99,94,28,60,71,25,36,24,29,83,48,80,91,19,88,79,69,50,41,8,3,29,32,69,77,73,80,12,54,69,46,20,82,18,95,67,26,11,15,41,23,26,18,61
23,94,84,80,94,31,68,21,9,21,25,86,9,36,67,37,33,78,27,72,64,19,62,28,45,38,24,6,68,59,46,49,9,19,54,69,73,99,60,71,27,8,74,50,81,66,49,79,56,22,11,13,53,31,32,47,37,36,23,15,89
85,8,91,21,87,79,1,59,9,44,35,31,49,96,73,20,83,34,40,77,19,43,77,49,72,13,27,96,15,64,25,86,33,98,32,72,28,59,61,50,42,79,15,93,98,5,33,72,50,29,90,95,4,65,13,58,58,82,72,45,70
36,25,10,63,39,41,11,35,55,15,83,20,91,72,16,56,39,15,2,94,77,70,18,72,87,95,21,12,9,19,65,79,25,73,78,48,26,89,37,8,71,75,45,55,99,82,80,10,96,32,35,73,87,13,53,69,43,42,21,31,23
50,13,63,80,37,17,49,64,3,50,34,82,67,53,71,66,51,63,92,80,40,91,68,63,7,52,32,7,94,31,13,50,18,70,63,24,48,35,25,21,17,88,55,80,94,36,38,22,76,24,76,7,62,96,23,68,96,44,47,5,28

The initial sequence dependent setup time of each job processed on machine 8.
(Where rows denote jobs: 1 to 60 and columns denote jobs: 0 to 60.For example:The value of Sijk is in row j,column i+1.)
8,25,78,18,72,89,94,4,15,11,26,31,78,74,34,22,83,29,78,37,6,15,9,52,95,70,28,32,85,40,6,99,65,95,33,10,58,48,48,58,70,91,65,20,52,25,44,30,19,48,23,51,91,5,91,11,54,87,75,49,53
33,61,34,23,98,18,94,66,11,89,53,37,29,36,90,72,14,90,16,33,10,4,97,86,63,32,9,66,41,56,20,10,64,36,29,29,92,12,70,94,65,43,73,7,2,5,49,5,46,18,63,36,75,80,58,83,39,43,70,34,91
56,64,69,26,85,76,99,7,69,4,64,18,75,76,33,11,9,62,83,37,3,57,74,70,40,49,1,87,86,97,65,51,56,83,51,73,4,53,3,48,22,64,88,73,40,92,75,76,13,18,6,96,72,75,43,1,56,72,65,51,77
64,54,46,13,7,85,74,75,50,94,5,14,25,38,4,46,54,70,44,18,12,76,4,5,57,79,98,76,55,7,33,13,78,7,86,53,11,19,80,35,41,77,41,18,88,14,33,40,28,89,98,2,92,7,72,3,47,38,32,23,70
18,10,41,60,14,79,14,84,38,84,97,70,1,88,67,18,26,86,64,42,95,48,57,80,48,73,45,74,95,39,78,57,17,98,60,58,39,27,11,7,57,16,72,79,70,18,30,47,61,24,6,21,23,31,32,54,16,52,59,66,6
54,80,10,95,20,30,57,51,25,81,51,67,45,94,42,3,55,49,27,18,10,68,10,13,20,47,13,10,84,75,33,18,54,61,6,16,8,85,38,30,29,69,92,39,59,91,45,2,37,30,52,13,93,92,31,9,82,41,92,73,79
88,91,76,67,7,41,63,5,41,73,78,73,52,62,9,37,28,91,53,95,97,33,52,30,32,85,13,28,61,84,48,87,62,80,93,51,22,59,36,58,13,94,22,3,27,92,88,52,43,19,60,47,48,84,96,96,40,69,92,17,65
53,27,82,54,72,21,23,78,46,58,21,19,54,72,10,9,1,60,37,84,3,30,50,42,92,21,50,74,19,7,36,73,74,74,84,38,78,66,31,49,59,37,89,2,53,79,22,57,88,85,58,24,79,49,14,12,86,3,73,8,23
8,64,74,66,88,60,87,81,77,66,87,36,35,17,57,62,81,32,70,36,83,59,92,95,68,54,6,21,21,66,61,9,66,34,36,3,22,78,83,63,78,46,82,52,92,85,96,22,99,77,90,59,20,97,20,40,15,4,40,85,27
88,1,19,55,59,67,64,70,83,5,63,11,91,83,89,92,2,81,97,30,69,68,82,80,62,44,60,26,92,87,36,45,92,6,76,95,21,22,39,69,32,58,96,19,49,47,66,70,12,67,54,63,81,19,85,8,60,52,97,33,68
58,93,10,92,90,26,36,66,78,72,92,5,47,67,96,91,49,81,72,91,57,37,56,10,83,96,16,6,98,22,56,29,33,80,31,98,51,20,61,2,32,61,86,69,90,72,28,12,36,49,81,1,79,82,5,30,68,94,38,70,6
83,7,36,54,18,36,83,48,66,91,16,12,63,1,17,58,99,89,74,27,26,83,1,27,1,80,30,76,44,63,85,67,67,79,48,16,2,59,65,58,23,38,18,42,53,46,12,33,50,11,84,69,22,84,99,37,49,47,67,30,46
4,95,31,31,16,26,61,15,3,13,1,48,88,25,17,84,30,17,87,40,29,87,74,2,61,15,26,34,39,98,47,68,51,79,29,3,46,28,11,1,63,6,75,9,7,91,42,48,92,6,49,80,89,49,59,80,4,65,98,89,52
61,81,42,59,90,1,36,52,60,3,62,78,94,93,97,44,39,72,44,31,76,20,27,70,21,89,54,92,77,66,65,51,65,96,80,87,64,93,99,76,74,91,47,47,62,46,47,30,71,5,15,5,3,33,4,78,6,73,40,95,88
71,83,37,32,25,93,69,9,63,84,64,78,51,98,83,4,31,83,78,94,88,32,52,93,91,93,35,70,25,73,73,56,7,23,12,64,13,34,63,37,90,10,31,51,61,49,43,8,88,81,36,38,96,70,91,90,88,38,50,24,39
39,37,22,90,3,35,55,15,78,86,91,46,16,12,49,20,73,37,89,25,43,5,31,95,14,37,25,78,7,33,19,43,6,65,25,42,50,89,40,25,94,9,15,2,61,60,4,73,24,9,30,81,87,86,44,32,58,45,69,45,89
80,39,97,64,33,47,27,61,31,12,92,87,89,85,23,34,9,2,69,80,84,33,53,27,62,84,43,89,12,26,73,25,80,43,2,76,58,7,52,40,91,50,36,47,66,10,82,56,9,9,24,81,76,50,44,20,73,13,11,5,15
7,53,23,2,46,47,30,41,85,9,9,16,52,71,12,11,41,45,67,48,19,68,8,62,37,98,88,45,18,17,99,26,4,7,54,30,61,17,13,52,65,16,1,70,86,35,47,96,23,24,12,32,6,83,24,66,24,88,1,69,96
23,77,48,76,99,7,61,69,88,73,85,26,3,46,36,61,67,73,13,44,19,4,69,60,21,33,58,71,28,9,43,98,57,69,49,15,60,72,87,44,44,62,34,39,52,60,93,98,11,69,33,36,42,83,44,64,90,92,81,40,94
7,36,72,66,72,6,45,43,34,94,2,49,82,49,23,23,67,44,39,15,84,8,76,85,6,19,69,91,26,1,19,28,47,19,12,34,54,12,5,88,83,50,93,99,64,42,4,42,82,37,76,98,95,80,61,15,49,35,69,10,73
94,66,17,65,91,87,94,41,33,88,36,71,21,59,95,94,86,83,73,38,36,11,55,87,55,33,72,35,29,17,62,66,23,38,36,8,64,63,2,3,5,32,73,43,60,22,96,4,86,88,9,68,86,57,33,62,33,36,29,62,71
41,34,15,50,24,38,84,55,32,54,50,89,89,13,26,13,19,71,4,27,32,85,63,36,77,31,79,21,74,52,89,59,72,48,28,38,3,30,79,56,60,93,85,57,22,31,98,99,52,41,17,89,2,73,85,51,56,40,32,78,22
9,73,98,46,1,89,58,19,98,43,35,45,64,78,84,15,75,99,87,52,88,60,67,16,95,39,58,72,42,84,43,17,14,27,84,1,37,47,49,33,98,89,43,8,40,87,24,15,77,40,99,58,81,45,5,18,71,37,35,32,82
89,40,48,61,49,34,11,73,66,19,76,43,62,52,49,25,56,91,82,22,72,37,79,85,27,65,94,40,46,42,91,37,39,66,95,92,68,42,27,51,74,93,20,97,90,50,24,5,68,38,96,28,87,74,18,63,18,74,47,49,75
56,93,26,29,6,40,83,67,65,82,24,74,93,52,58,92,68,91,23,74,97,98,38,97,90,95,72,13,98,69,80,47,29,70,16,23,80,24,52,76,58,63,87,72,54,56,7,39,56,76,54,2,21,62,59,8,5,34,45,56,37
16,31,88,34,20,37,8,25,27,37,44,65,69,69,38,28,27,33,60,64,24,14,86,69,91,88,90,60,37,78,40,23,93,62,10,82,3,47,24,93,90,27,15,55,61,30,49,63,84,2,99,34,25,8,38,22,21,11,51,30,15
83,4,25,2,39,37,89,96,12,52,3,78,97,64,88,31,98,85,78,96,18,84,10,42,83,49,32,87,53,2,32,92,15,49,32,94,82,33,6,52,74,9,56,14,14,64,23,18,25,66,39,81,88,60,35,57,42,13,39,67,17
58,82,56,65,98,64,2,6,71,23,60,71,78,38,7,71,79,18,99,62,82,85,7,55,6,76,86,93,9,70,51,20,48,53,27,51,68,59,13,51,42,33,69,68,56,61,58,33,64,15,4,79,38,11,88,87,13,40,92,54,46
4,21,59,48,45,18,76,98,95,23,97,86,59,1,61,27,17,26,78,86,43,84,41,49,62,68,73,6,4,4,2,60,45,24,8,87,87,80,77,8,39,40,34,45,24,97,40,51,84,76,99,65,67,30,38,74,11,73,50,80,18
59,25,47,23,42,72,86,54,26,59,41,47,12,75,2,2,8,74,14,7,85,29,50,58,75,46,59,38,27,66,63,9,23,75,26,3,58,46,93,65,48,97,64,46,22,40,12,80,99,96,44,97,79,69,66,85,78,87,44,70,84
80,55,37,57,95,70,70,27,29,78,67,2,95,33,78,99,27,17,54,40,3,13,10,45,13,59,55,48,81,96,9,66,72,67,99,86,80,32,24,39,97,99,53,41,89,97,22,74,41,90,88,34,45,70,79,43,53,76,22,75,76
41,42,99,57,36,67,49,19,81,34,76,64,57,90,68,34,74,91,19,35,37,33,11,2,90,66,28,6,43,14,98,1,41,92,77,43,19,4,75,80,35,62,63,42,82,45,50,86,31,69,54,47,32,46,70,60,7,98,52,38,23
12,44,1,97,24,70,55,89,11,70,3,14,29,52,88,12,4,86,46,83,22,31,85,88,94,64,90,33,86,77,50,98,82,3,36,79,51,73,66,33,87,17,33,62,23,92,59,63,68,61,48,71,64,8,39,5,94,52,19,77,32
51,67,54,24,53,44,69,28,7,64,85,47,62,17,81,41,99,73,19,31,75,26,75,84,43,79,11,21,99,5,46,74,9,87,95,21,12,44,36,53,16,92,87,72,17,61,7,67,4,91,87,43,26,45,11,53,77,16,98,1,80
99,44,94,23,7,60,37,87,5,73,35,71,21,51,24,61,13,70,35,72,40,1,21,96,37,76,61,62,30,72,19,14,39,19,58,14,93,67,30,26,30,53,10,70,91,84,75,36,86,94,53,48,74,19,54,15,14,10,18,70,7
14,46,81,30,7,63,33,16,74,53,88,94,26,36,26,25,70,86,37,98,24,86,69,97,74,34,34,28,44,16,18,7,71,67,19,52,41,23,28,9,13,78,10,97,59,80,97,62,43,79,69,9,38,15,89,95,34,70,72,56,87
47,64,67,33,86,64,22,77,86,42,86,15,99,6,66,4,76,73,87,96,5,18,86,27,78,84,36,83,83,47,93,84,83,51,41,10,53,20,84,94,40,41,67,31,94,13,78,61,77,9,7,65,76,17,69,13,41,32,89,41,39
86,58,46,21,86,8,30,9,90,6,18,27,57,9,12,22,91,20,27,22,34,38,39,81,77,62,20,32,38,38,68,53,49,24,65,67,14,7,24,90,80,74,54,58,77,57,32,66,55,19,71,72,72,57,89,7,18,32,31,1,87
52,98,61,31,90,49,26,78,62,21,95,46,62,11,47,2,7,61,62,68,6,15,90,85,29,29,83,27,89,68,2,11,71,41,62,26,76,27,50,18,22,47,70,16,13,70,50,47,19,37,10,90,7,12,94,90,4,49,72,92,10
74,34,31,59,13,97,2,56,68,5,20,42,97,36,89,9,13,53,52,43,73,8,1,75,41,67,35,28,71,67,89,2,77,34,46,79,98,80,32,95,29,38,6,51,82,31,40,38,99,16,8,58,95,7,84,72,47,83,43,19,73
83,6,28,90,28,2,7,23,12,21,47,33,58,62,61,36,36,43,63,1,47,4,92,14,25,15,49,25,3,39,97,40,76,28,19,63,66,81,93,41,20,83,77,37,62,38,6,69,12,68,12,55,11,47,51,71,30,31,34,92,44
79,77,97,36,59,95,19,20,9,27,41,54,67,30,41,62,31,44,7,66,26,15,2,34,26,95,94,86,29,78,62,72,42,76,58,52,45,12,56,67,64,45,81,91,83,24,4,85,96,51,54,85,29,72,51,33,91,54,24,46,14
15,12,77,62,68,28,53,7,84,48,63,70,18,63,97,47,12,25,3,12,49,6,61,31,46,9,99,74,53,50,62,15,65,40,46,31,25,82,90,70,92,49,79,14,96,64,32,80,22,40,92,7,80,37,92,38,10,91,51,48,19
29,98,86,92,95,84,35,95,3,1,77,62,76,64,63,39,46,24,73,19,48,64,47,21,28,48,22,93,36,60,7,2,80,35,51,52,39,97,16,78,22,26,20,3,83,54,64,5,48,23,35,53,28,70,5,62,59,40,55,32,8
58,88,20,25,7,45,94,96,41,32,47,25,34,81,92,40,48,71,45,66,19,34,9,57,37,43,27,49,44,88,18,57,11,38,57,89,92,85,20,90,99,42,60,33,56,12,10,60,34,54,37,80,82,73,97,76,47,15,30,16,88
3,59,79,73,82,34,64,67,51,10,25,94,48,93,96,55,52,59,93,41,10,60,75,90,51,65,60,88,62,66,73,18,6,94,59,94,82,34,56,18,20,76,19,14,16,28,31,71,97,71,65,27,4,31,42,97,35,64,49,60,13
60,64,70,98,59,37,92,61,91,13,77,42,67,7,53,66,65,8,8,93,38,70,5,1,50,27,82,40,10,51,83,27,4,81,50,55,38,18,85,1,49,41,77,38,38,78,85,14,18,88,67,43,98,54,1,1,64,62,46,92,40
69,18,62,83,33,54,35,77,18,8,15,10,68,52,2,12,48,91,86,31,50,83,5,69,50,49,37,53,75,8,20,92,3,88,23,9,18,48,34,27,41,15,52,59,71,74,93,96,33,48,59,47,41,78,17,60,37,40,50,47,6
61,57,31,38,87,91,62,1,17,72,93,94,97,47,72,8,75,66,47,59,63,29,99,68,78,50,43,15,30,16,52,37,30,98,66,95,81,26,40,42,77,64,79,3,24,19,87,70,34,78,79,83,50,54,32,31,39,76,69,89,19
24,81,27,92,22,45,11,68,11,58,7,90,35,77,3,32,52,14,88,1,24,47,38,96,59,83,8,49,94,56,72,88,19,35,3,51,70,39,95,24,95,22,38,99,94,41,32,9,16,83,95,44,7,36,90,67,4,21,25,59,81
21,74,43,99,89,78,6,19,90,34,65,60,67,61,84,3,1,84,64,88,29,58,6,77,3,39,35,48,76,78,21,72,43,47,82,58,5,58,5,94,10,9,96,57,15,39,46,39,49,34,3,79,68,72,18,76,51,54,79,26,33
40,61,34,8,58,18,89,99,17,21,94,46,8,57,18,33,11,96,69,9,8,52,51,85,97,43,62,44,35,4,58,50,48,31,37,90,8,18,54,80,47,8,59,49,13,47,25,59,42,62,93,30,78,47,99,83,89,63,41,14,24
87,84,32,52,58,72,99,63,86,26,34,29,53,54,93,39,94,13,87,98,54,64,44,85,92,9,13,71,52,38,86,31,3,55,15,57,80,60,52,59,28,6,34,75,5,28,97,29,31,99,88,66,60,72,82,19,47,23,50,74,53
36,31,45,70,77,98,17,65,1,33,84,37,67,98,5,6,83,28,9,81,94,72,46,10,35,59,49,97,50,27,26,39,50,30,92,43,1,55,78,59,92,73,21,22,77,52,92,77,35,39,41,65,21,7,56,19,89,7,6,28,56
71,35,89,17,67,41,80,43,28,97,16,7,12,52,91,29,36,52,25,94,7,60,69,46,2,60,22,78,84,55,12,75,50,76,93,19,33,64,69,42,55,94,85,56,66,58,26,72,33,90,68,29,57,89,8,11,13,56,22,42,96
36,89,39,46,39,27,44,28,86,84,71,37,3,39,40,17,47,11,3,47,12,77,76,88,8,45,41,45,68,39,33,76,96,26,12,11,93,53,52,34,24,76,3,72,52,21,75,42,2,37,57,86,66,46,83,52,21,64,62,74,63
38,8,80,24,1,86,74,16,85,78,51,56,95,66,30,97,29,27,16,41,40,28,88,77,78,58,38,85,87,12,50,82,2,33,56,46,32,25,18,90,50,52,63,19,89,51,38,73,43,10,13,19,58,47,28,10,96,14,95,44,11
14,33,84,90,79,36,12,37,2,64,36,31,95,93,43,60,53,16,59,57,8,78,57,70,98,76,31,72,29,52,84,77,7,8,34,59,46,5,5,70,44,60,93,20,63,3,30,13,39,35,92,78,19,99,70,98,18,7,95,53,7
45,10,27,27,34,63,24,91,4,38,15,38,22,81,46,46,93,20,37,90,1,58,57,63,43,57,56,7,82,37,5,71,25,61,60,65,70,3,68,21,45,79,38,77,17,94,6,39,97,62,17,96,72,61,39,13,72,52,8,16,25
72,80,38,28,80,51,75,6,11,19,81,27,10,16,84,27,64,93,58,47,37,76,40,7,11,53,66,99,37,12,50,19,76,3,87,65,18,2,82,43,46,97,92,90,59,95,7,38,68,30,46,24,2,18,68,74,43,39,58,7,52

