The number of jobs:
60

The number of machines:
6

The number of workers:
4

The processing power of each machine:
(Where columns denote machines: 1 to 6.)
5,16,13,18,18,12

The idle power of each machine:
(Where columns denote machines: 1 to 6.)
3,1,10,5,2,7

The initial coefficient of each worker on each machine:
(Where rows denote workers: 1 to 4 and columns denote machines: 1 to 6.)
1,1,1.25,1,1.5,1
1.25,0.75,1,1.25,0.75,1.5
0.75,1.25,1.25,1.5,1.25,0.5
1.5,1.25,0.5,0.75,1,1.25

The basic processing time of jobs processed on different machines:
(Where rows denote jobs: 1 to 60 and columns denote machines: 1 to 6.)
23,8,32,99,32,66
39,13,14,34,6,57
28,15,42,47,23,15
97,40,92,85,31,28
90,5,93,60,48,20
50,2,6,86,35,58
26,54,65,37,86,48
32,26,80,58,87,48
14,91,63,24,68,59
31,64,41,29,15,85
55,47,15,89,71,39
53,34,2,35,87,76
12,71,73,5,94,74
4,47,81,71,24,34
74,47,94,81,49,51
49,88,87,54,71,51
95,94,33,56,92,46
10,20,58,44,28,76
92,55,7,66,66,25
75,7,91,45,16,73
73,90,44,58,4,25
39,47,36,19,62,3
92,1,50,97,98,87
53,51,44,4,53,14
39,23,90,20,57,22
59,21,49,88,45,94
78,80,92,78,66,80
77,50,64,82,6,66
88,44,68,41,59,45
37,43,89,3,29,4
93,13,23,20,32,89
86,23,37,2,80,15
96,84,12,68,8,77
4,39,88,15,22,85
73,81,59,27,52,7
30,60,68,86,58,87
70,26,1,45,61,92
32,49,2,86,40,68
47,52,83,14,57,63
58,18,49,20,79,35
90,40,61,49,59,81
49,50,20,45,55,57
10,91,52,76,55,16
41,59,52,62,2,46
64,36,63,3,48,56
96,89,90,20,94,97
80,99,68,74,38,79
75,86,90,53,77,64
34,21,84,72,30,53
39,66,61,86,95,60
83,75,86,33,33,3
67,56,84,24,94,72
48,15,94,86,51,11
54,76,56,37,30,47
72,77,98,7,41,5
26,22,48,62,49,75
77,50,71,8,58,76
40,72,81,48,30,81
28,81,73,5,12,41
70,43,3,58,31,67

The initial sequence dependent setup time of each job processed on machine 1.
(Where rows denote jobs: 1 to 60 and columns denote jobs: 0 to 60.For example:The value of Sijk is in row j,column i+1.)
35,40,16,7,80,61,79,47,27,70,31,75,20,64,36,83,26,20,45,57,94,82,68,48,71,29,43,22,18,24,42,63,75,83,73,83,10,68,42,73,39,21,79,48,60,86,68,22,53,58,32,44,69,77,84,8,47,32,25,52,72
97,35,74,9,35,27,29,83,93,8,86,89,32,9,87,53,34,98,56,35,26,62,91,49,33,75,26,60,27,40,96,53,77,46,39,46,35,43,73,46,30,48,91,47,6,60,79,28,93,5,5,48,9,92,30,4,75,99,31,39,1
26,4,35,64,37,92,61,85,69,16,39,66,90,68,14,99,32,79,36,35,35,58,37,40,61,60,55,25,11,15,53,79,74,42,52,11,93,38,6,98,92,37,4,80,98,14,29,86,66,60,18,79,8,98,98,30,33,97,2,40,19
35,93,9,95,84,42,38,74,11,97,61,42,4,34,88,16,78,18,64,26,39,60,5,94,5,61,16,21,23,50,51,32,84,54,92,31,59,93,12,4,35,45,9,58,20,51,24,14,73,73,65,98,77,50,90,62,40,71,49,60,28
66,59,18,53,85,89,97,32,45,17,73,29,96,42,79,96,67,2,91,52,64,11,99,2,78,35,32,3,33,29,11,76,76,41,69,39,64,23,1,16,38,82,58,18,68,90,99,56,58,99,37,83,94,19,82,53,69,10,71,22,85
78,31,65,77,37,64,40,42,38,47,1,18,61,90,48,7,67,33,38,69,98,33,79,89,28,80,21,6,32,64,9,71,25,44,22,55,3,64,62,57,2,66,75,30,62,39,34,52,9,88,42,4,4,15,73,37,56,90,2,9,22
26,47,80,52,14,77,64,60,70,59,82,67,22,90,92,52,85,43,35,47,8,29,15,59,5,2,93,79,99,58,40,60,10,78,58,71,90,97,32,22,7,95,14,86,27,28,53,91,56,18,67,93,88,77,61,60,51,3,58,72,23
95,51,48,13,8,50,27,13,80,99,30,37,43,58,31,14,34,73,56,34,40,2,55,30,56,96,87,61,24,70,60,80,58,69,98,48,15,2,86,46,73,36,50,73,57,73,25,54,37,98,15,73,32,77,18,47,77,36,89,24,93
65,25,21,19,48,66,6,91,26,94,73,89,3,30,57,12,9,65,48,22,41,11,85,13,50,63,22,34,57,87,9,85,20,92,27,85,40,32,61,14,79,31,93,5,44,72,52,56,19,90,87,84,51,98,35,85,29,82,76,7,69
61,28,91,54,82,84,97,36,77,30,52,44,24,53,15,74,58,23,5,18,38,1,45,29,62,16,69,73,12,24,21,23,76,65,64,71,44,72,26,47,48,20,60,37,35,10,40,25,47,73,93,90,49,42,57,44,19,24,9,28,99
60,46,99,38,91,89,89,22,27,49,82,83,52,71,40,71,51,81,29,19,24,62,5,2,17,58,51,62,6,58,81,26,22,68,75,68,11,65,44,76,12,97,5,15,75,65,4,60,83,12,51,74,85,12,88,58,28,81,23,79,31
77,98,96,37,28,40,33,24,11,47,85,24,14,90,49,32,6,57,39,5,62,65,49,66,20,24,23,97,43,86,13,31,8,44,18,94,97,40,8,13,29,92,47,49,10,71,7,19,31,73,89,96,63,32,18,32,2,34,14,49,3
26,16,27,60,99,21,74,50,64,78,44,35,13,10,17,88,71,4,82,59,30,4,42,12,89,6,10,41,57,82,36,64,29,73,46,18,69,81,46,23,62,29,39,22,86,61,16,99,81,53,96,93,37,23,12,11,28,11,66,28,14
6,44,75,73,8,88,25,74,89,31,46,98,26,51,33,33,17,62,58,13,36,37,25,86,70,93,41,84,22,87,2,76,74,85,78,72,69,61,22,97,9,73,12,25,6,66,30,91,54,58,78,3,31,11,87,86,95,92,43,89,17
20,93,99,97,83,48,41,65,89,45,60,25,95,76,41,97,33,98,79,90,17,31,20,33,20,24,49,66,10,58,94,56,22,43,34,37,28,74,65,98,90,97,77,5,87,15,40,62,14,60,92,95,61,81,32,45,3,68,48,32,81
8,32,46,12,14,22,39,37,88,63,94,44,1,97,57,87,27,55,73,78,89,18,46,18,82,58,52,29,52,37,70,22,66,78,79,38,75,3,64,89,15,97,78,29,54,73,61,24,38,63,10,31,78,1,39,41,88,93,85,68,78
98,31,95,69,81,20,93,11,76,59,69,23,82,80,42,57,64,89,78,30,29,31,14,15,11,74,73,39,69,33,21,71,95,27,45,37,82,73,53,74,60,55,39,7,2,97,49,79,71,33,28,21,84,3,68,60,59,94,4,3,16
33,45,5,1,66,91,33,71,3,51,49,5,30,60,3,16,87,4,5,71,72,17,32,87,29,17,79,25,72,63,37,90,30,47,92,78,18,5,99,9,66,6,67,85,70,86,36,79,69,51,18,46,77,83,67,4,7,84,7,17,91
29,74,43,39,16,54,49,50,59,88,61,1,78,30,36,16,45,94,47,67,33,77,49,14,49,54,76,43,80,96,41,84,2,21,63,58,90,5,23,63,21,29,23,89,24,49,12,29,5,23,99,72,68,61,88,77,6,61,3,82,42
48,51,53,14,13,97,96,87,93,1,23,87,87,29,68,12,66,14,49,89,72,16,44,84,49,31,63,66,92,38,80,47,45,46,55,82,93,14,11,26,68,79,14,16,95,67,65,64,8,40,32,74,36,85,92,83,33,81,71,47,16
31,74,65,20,42,70,81,46,67,21,88,31,37,86,51,55,57,59,49,80,56,98,30,68,90,11,18,86,3,36,11,61,22,7,94,54,14,85,26,86,4,16,15,96,9,7,47,42,1,85,70,22,93,93,78,24,94,34,25,13,14
86,23,56,35,45,24,82,71,67,66,55,84,19,52,81,77,41,88,49,44,75,3,44,13,49,94,17,45,69,20,44,21,78,23,46,73,11,18,2,65,50,74,96,23,78,13,75,10,74,29,11,34,72,55,72,3,30,76,38,91,53
17,65,49,90,20,4,65,91,36,38,46,99,33,16,92,15,83,20,21,63,95,55,20,60,96,79,61,5,56,49,29,7,50,17,93,47,39,9,82,81,87,28,75,61,91,12,26,60,21,72,46,18,45,28,76,6,82,20,94,5,93
6,74,6,6,17,81,11,3,57,90,85,20,63,32,65,18,79,86,21,96,42,83,23,5,69,95,48,69,38,3,50,25,81,33,29,92,14,89,32,56,74,11,22,44,15,52,44,79,65,73,69,93,69,48,53,23,58,36,94,38,55
66,57,26,63,52,33,44,65,27,90,2,42,85,37,7,84,20,95,55,74,51,24,10,41,38,17,1,82,18,19,78,90,61,22,82,25,44,19,28,54,75,2,1,93,20,75,11,82,70,93,73,2,23,77,58,94,55,95,20,31,5
20,10,96,58,10,19,75,4,58,36,39,13,89,42,63,54,83,54,81,84,18,67,52,85,41,69,4,81,66,29,19,36,18,19,18,43,13,85,76,27,53,10,48,44,5,35,8,58,14,46,19,63,72,76,8,63,22,61,28,5,41
92,99,94,63,73,41,95,89,36,5,44,34,18,63,87,31,18,73,80,43,68,51,19,81,25,48,88,27,40,1,31,48,91,65,20,80,89,42,11,32,48,7,79,70,81,91,44,97,90,52,16,69,47,42,1,20,44,54,94,65,75
2,40,79,9,58,48,72,12,49,15,7,15,39,89,99,26,54,83,49,52,90,28,53,52,44,56,5,6,78,18,32,60,97,58,62,30,5,95,34,50,15,27,30,8,26,34,2,23,5,89,47,17,50,49,19,5,1,4,38,35,36
44,88,4,31,56,17,15,97,31,43,67,65,34,2,48,45,95,98,17,46,27,3,47,63,98,75,2,45,34,22,2,23,5,53,45,68,21,84,23,94,38,64,57,21,40,80,31,87,18,65,34,92,73,73,63,48,8,8,6,80,72
17,72,32,3,36,18,60,63,95,10,88,29,84,91,6,98,1,55,37,12,95,28,48,77,57,86,72,23,5,53,60,29,82,94,57,71,17,14,57,50,74,31,3,22,54,9,78,79,74,97,28,86,23,78,35,12,76,60,56,74,54
36,44,90,49,83,6,13,58,32,41,18,49,33,86,26,47,60,33,18,8,87,60,87,3,93,38,45,68,33,57,73,11,89,68,25,67,88,81,81,32,71,73,64,11,43,7,65,4,28,27,95,91,17,30,29,36,19,73,41,94,41
84,77,35,37,30,47,5,81,47,81,21,16,56,53,26,17,45,91,38,13,79,59,95,31,39,46,42,92,86,53,77,50,78,68,68,99,86,61,17,36,13,72,1,85,34,25,31,33,86,24,64,24,25,99,18,19,92,44,2,60,46
52,47,9,26,60,86,81,88,22,98,39,77,23,70,3,59,21,96,72,36,17,79,37,70,31,35,31,45,99,61,83,16,7,38,85,47,64,22,92,29,44,59,98,33,74,19,64,11,32,46,33,89,81,47,22,34,73,16,65,3,21
25,31,40,6,43,33,94,65,25,85,31,88,59,38,99,47,97,1,41,77,40,77,70,89,66,74,5,19,82,52,28,9,61,92,68,71,24,3,30,27,8,87,12,66,88,93,95,37,19,41,82,95,37,80,44,1,79,33,16,81,88
75,23,83,86,25,28,96,9,28,28,70,46,27,19,91,33,30,94,8,97,8,42,45,31,73,59,54,54,15,9,84,72,58,73,16,95,59,24,68,31,78,97,92,8,98,84,83,51,73,82,20,45,70,71,36,37,15,51,9,50,45
76,21,71,23,74,54,98,7,20,48,66,64,96,52,77,8,51,22,51,80,50,61,92,2,9,82,70,51,70,69,87,70,29,4,5,45,13,95,63,37,62,2,13,31,87,35,78,63,44,70,21,26,21,74,13,3,44,69,32,32,94
40,39,13,93,60,75,80,24,80,2,10,27,58,30,82,2,69,79,65,16,50,84,10,33,18,49,36,61,57,10,59,17,33,64,5,95,37,76,47,49,82,48,88,59,17,18,14,56,57,94,13,52,81,4,59,89,59,90,29,39,20
21,17,60,95,35,9,77,78,88,36,74,73,53,62,50,32,79,41,19,63,18,69,7,84,45,83,38,47,7,52,81,62,47,71,79,27,66,18,7,21,84,79,55,16,55,70,14,57,34,23,23,28,53,17,21,93,44,32,39,37,38
47,73,95,52,39,67,45,60,74,67,26,16,6,14,32,76,92,85,61,69,57,29,59,28,51,36,95,95,25,58,35,97,68,35,31,80,83,35,33,36,63,36,39,25,66,5,27,13,89,59,90,66,13,37,39,32,57,48,1,36,53
67,19,43,36,45,50,31,78,75,59,48,18,12,14,95,9,28,85,90,6,64,72,48,38,39,22,58,69,36,59,79,45,4,60,67,54,51,32,59,56,45,42,32,69,14,87,44,77,39,98,59,85,65,31,36,99,55,74,26,82,21
35,90,31,86,53,14,93,88,2,43,25,72,73,84,23,12,37,16,9,90,20,92,78,88,36,37,22,61,67,50,37,37,23,51,78,46,85,56,42,80,73,14,89,43,59,59,50,99,74,28,12,29,8,83,1,8,84,25,78,1,35
19,10,2,73,97,27,99,73,41,6,23,19,19,65,14,7,4,62,1,64,46,55,62,33,31,69,92,8,45,44,29,56,78,33,88,92,89,81,59,18,15,79,99,8,56,92,11,15,50,40,22,24,65,34,99,92,34,67,56,55,80
24,96,86,83,37,76,88,28,99,96,31,44,35,61,34,34,89,33,65,90,42,51,96,35,55,30,72,85,80,22,95,10,71,93,67,63,6,27,11,75,83,20,92,18,1,49,18,16,8,36,66,67,94,66,42,97,71,64,97,78,62
67,89,99,96,12,50,67,52,18,86,74,58,68,40,52,17,82,91,73,89,97,95,31,66,17,7,24,28,73,17,27,34,99,72,93,24,58,70,21,10,78,85,3,4,28,73,27,79,94,33,44,87,84,65,44,62,1,10,96,14,96
85,59,19,83,4,10,1,65,34,18,1,76,93,39,14,73,96,46,33,83,65,72,9,92,48,10,56,55,13,57,81,92,6,68,64,93,92,6,33,98,97,47,51,58,50,77,66,10,20,70,31,76,76,66,83,85,64,92,83,36,18
55,12,18,13,18,92,18,89,98,74,34,42,64,38,58,69,31,94,92,6,14,80,50,97,56,27,85,18,11,24,12,50,84,49,29,81,49,1,52,32,6,98,20,31,7,2,29,16,63,41,90,53,58,42,56,19,48,24,34,43,48
51,71,8,12,84,96,67,70,10,47,80,56,54,12,57,33,20,72,17,9,49,68,47,51,63,67,67,23,23,65,34,63,92,74,29,78,23,35,53,90,59,72,9,91,8,79,16,95,90,27,12,9,85,38,74,83,78,79,80,84,11
82,67,40,72,2,18,84,44,18,38,78,45,53,55,10,48,41,54,94,32,45,39,60,60,60,51,29,98,90,4,39,71,91,90,33,8,62,21,36,56,21,6,53,78,43,40,11,38,53,7,71,37,73,91,47,25,95,36,40,55,59
69,97,50,76,13,59,22,96,35,32,77,94,59,16,35,98,24,52,13,34,92,74,88,10,63,83,74,70,13,10,36,74,96,64,55,61,23,26,49,24,10,3,89,71,73,46,20,68,69,22,19,15,84,44,54,60,27,80,50,12,82
46,25,49,20,64,41,7,85,66,24,84,89,88,61,26,8,95,77,87,76,62,28,19,71,78,76,21,92,1,41,68,21,66,84,48,75,30,11,94,57,98,14,63,88,46,5,67,24,46,1,94,46,36,94,4,80,86,45,57,23,27
53,40,85,9,49,45,90,79,79,61,99,71,5,19,87,20,32,79,68,3,48,78,6,55,39,78,91,5,41,31,60,52,29,88,65,53,95,22,52,43,83,75,62,48,5,1,99,46,22,22,55,18,35,1,53,25,35,99,69,96,33
22,56,58,62,19,80,94,86,6,90,33,97,3,76,43,90,70,99,49,37,64,33,57,40,25,95,31,87,44,88,4,23,36,25,1,83,44,26,82,15,26,79,37,24,62,59,32,40,16,47,62,75,95,94,49,50,72,81,25,83,81
1,84,4,16,54,75,70,68,96,16,97,81,8,91,68,35,72,78,31,51,82,7,56,57,89,17,28,13,35,79,37,60,62,22,69,52,41,44,80,93,35,97,45,52,11,34,74,42,51,19,67,14,31,75,90,52,11,82,37,81,72
15,43,64,35,16,51,42,16,87,96,18,25,25,47,35,32,36,98,86,84,72,74,41,76,67,89,30,8,56,41,26,66,11,43,7,92,73,80,39,54,72,93,35,24,94,78,16,4,2,42,43,3,39,1,36,23,94,91,38,71,69
78,23,28,52,48,71,78,91,76,31,52,88,86,4,29,26,29,16,20,29,11,71,43,97,89,17,57,30,66,37,35,71,82,36,31,40,2,23,27,78,47,53,51,85,38,34,72,68,56,21,30,67,39,69,43,71,67,98,48,8,76
54,88,29,33,83,22,34,42,79,65,65,18,50,22,19,86,1,82,60,6,70,26,37,12,93,91,61,26,17,87,81,5,44,56,88,16,6,79,71,88,60,40,74,50,23,49,67,82,90,55,8,37,83,57,27,55,58,13,70,90,98
36,61,3,54,19,2,98,95,67,94,25,4,10,4,25,33,31,39,48,24,77,84,5,47,37,86,23,54,9,78,26,23,1,58,15,30,2,81,16,84,6,5,36,33,62,83,31,43,65,47,34,54,20,66,44,38,50,23,65,77,30
77,41,71,36,71,29,79,99,59,17,7,86,36,38,7,97,60,71,28,1,41,2,91,24,65,12,79,64,38,79,72,54,99,30,96,81,99,22,28,1,70,31,20,18,48,52,11,77,15,67,36,76,39,10,28,88,14,43,39,29,73
55,33,71,36,2,86,7,36,44,60,48,54,6,58,53,67,62,15,77,17,56,67,26,2,47,5,94,93,52,79,24,72,95,66,88,71,65,99,74,68,63,72,30,70,65,71,91,65,42,80,30,37,65,66,65,88,10,94,37,50,60
6,14,79,46,33,91,84,21,59,84,33,1,71,17,49,41,45,35,31,7,78,42,90,37,3,17,68,76,76,51,59,61,56,41,90,44,47,69,67,3,74,4,54,45,45,83,39,37,35,99,3,20,87,68,21,79,68,9,58,56,96

The initial sequence dependent setup time of each job processed on machine 2.
(Where rows denote jobs: 1 to 60 and columns denote jobs: 0 to 60.For example:The value of Sijk is in row j,column i+1.)
87,19,47,15,49,49,76,57,30,57,45,53,37,56,9,6,9,54,76,11,62,79,93,92,48,27,42,71,7,52,5,98,32,16,98,60,22,8,79,68,90,64,4,20,65,2,89,49,39,25,1,98,76,14,98,17,64,65,73,99,65
6,79,87,47,89,5,71,6,6,33,52,62,21,4,50,87,53,61,85,32,18,43,79,65,23,82,69,10,90,90,80,64,72,26,21,47,4,95,55,37,92,8,94,18,21,16,28,19,88,38,60,81,99,70,25,15,37,84,29,61,19
79,18,77,13,42,48,94,2,31,48,60,48,69,39,15,32,88,81,99,50,34,22,1,43,74,90,37,22,56,3,10,39,3,77,75,78,16,47,67,48,33,68,21,53,79,63,17,62,92,55,79,1,10,56,95,81,11,53,34,66,18
53,71,13,12,40,63,13,58,27,27,18,4,24,70,79,65,11,79,35,44,6,87,5,29,68,22,53,19,39,21,16,57,56,54,73,69,20,9,37,92,20,61,98,13,17,73,8,52,15,77,48,70,24,16,28,13,20,59,49,47,80
92,23,56,60,76,13,56,87,95,72,67,5,21,49,88,17,2,31,70,98,31,63,41,50,87,54,4,36,99,72,98,47,37,56,85,1,17,94,12,55,95,36,66,45,97,67,76,67,98,55,11,97,99,60,17,49,87,26,97,75,51
99,40,94,86,40,90,26,80,67,14,50,97,73,61,29,63,52,10,87,24,50,58,69,17,69,72,12,87,1,82,35,45,10,25,26,38,67,85,3,59,79,35,27,74,5,30,20,34,6,37,79,64,84,8,33,55,25,5,60,35,93
7,99,83,95,33,38,11,64,13,94,61,81,46,10,45,21,78,44,42,30,76,62,96,90,65,63,20,31,24,46,96,53,28,85,61,75,91,52,69,69,21,70,88,79,15,60,6,11,54,38,70,43,87,30,8,87,59,95,48,79,45
26,45,22,58,94,81,45,40,37,90,12,37,13,62,37,87,35,48,75,15,3,28,74,57,85,14,34,75,56,10,11,74,62,94,90,75,88,17,13,79,5,88,13,20,71,38,28,30,52,59,51,26,25,23,42,92,62,83,64,5,71
74,66,5,60,60,36,54,67,5,49,4,18,53,97,98,16,16,23,74,56,43,16,22,37,77,20,59,49,87,19,55,81,90,9,58,60,91,44,21,90,52,5,66,44,28,27,16,30,91,67,32,17,83,58,48,53,29,39,3,5,31
15,66,44,83,54,19,60,12,54,68,40,56,80,14,93,2,73,23,19,72,6,88,78,25,91,45,93,58,42,54,82,34,40,74,83,28,43,93,21,96,88,7,24,67,70,52,12,96,15,63,47,56,74,98,38,16,44,29,32,33,48
77,59,41,41,42,45,29,94,62,17,55,56,83,24,69,74,42,62,22,93,1,46,53,50,15,27,22,89,62,35,74,58,30,47,44,69,10,37,63,62,81,98,26,62,66,91,11,75,60,79,11,49,18,59,89,63,56,42,9,6,99
93,99,83,30,25,88,3,53,30,54,56,77,92,9,39,5,9,2,26,22,1,7,33,40,33,84,54,5,80,91,45,99,46,65,15,59,9,75,27,38,80,34,53,76,51,45,95,72,55,19,38,26,18,97,45,85,98,62,58,18,73
59,84,28,88,61,73,9,77,76,23,20,32,64,87,76,90,64,35,91,81,24,94,20,23,15,98,27,9,58,3,79,43,93,15,13,30,54,73,82,77,97,38,27,33,34,70,45,89,79,3,59,99,31,90,36,71,31,12,40,94,80
70,77,62,47,43,52,67,58,80,58,60,65,60,44,17,21,97,68,8,40,51,5,91,77,44,27,1,37,56,89,18,79,25,44,20,67,86,96,71,33,7,82,29,85,14,99,41,97,68,96,89,91,89,87,78,92,67,36,9,81,95
8,91,3,3,45,9,11,8,28,18,21,40,52,45,68,42,58,79,25,28,87,28,19,91,64,78,12,78,61,84,57,93,43,28,87,80,2,19,28,25,83,48,2,45,1,94,32,95,74,25,96,30,23,29,81,63,62,23,87,54,92
98,23,40,72,33,22,50,3,13,35,62,38,82,95,2,94,11,61,34,9,87,58,13,11,28,50,73,79,21,22,1,85,2,52,24,5,57,6,60,26,54,76,17,48,8,98,17,67,60,58,11,46,8,97,14,84,97,23,47,2,44
28,34,91,28,59,68,94,95,74,14,40,85,78,52,40,67,25,4,55,70,14,79,70,76,70,71,65,57,24,46,76,66,40,31,99,89,81,86,46,46,58,34,77,18,76,93,98,93,23,3,38,14,35,59,75,94,4,42,30,88,36
92,47,53,71,57,83,33,83,90,18,65,99,28,41,5,17,36,34,98,95,17,79,12,15,60,52,93,86,96,81,91,29,82,20,36,49,9,22,85,39,27,50,79,36,43,95,73,57,20,11,10,24,73,27,13,58,66,87,98,79,16
18,73,43,49,54,85,52,72,39,8,21,39,40,81,78,10,69,16,34,84,24,42,64,39,48,76,43,62,80,69,46,28,73,89,69,24,55,68,43,24,95,2,88,66,76,24,32,25,8,26,5,21,85,53,22,25,84,20,97,68,74
21,43,60,77,57,32,9,58,99,4,28,89,90,49,80,97,51,94,47,33,15,66,82,66,65,36,61,70,71,52,48,4,79,28,83,5,2,51,66,94,20,50,10,40,70,25,66,78,97,25,19,19,51,96,41,73,63,39,95,89,11
96,19,22,64,30,72,22,33,85,74,97,36,38,97,38,17,12,29,93,78,68,21,46,54,57,39,45,52,79,58,84,38,68,46,70,52,24,90,84,75,51,29,79,7,73,98,83,37,14,39,69,19,80,67,22,53,30,54,94,6,59
67,74,17,17,49,94,25,95,75,84,51,69,34,53,84,25,28,55,31,43,58,82,93,6,84,43,25,37,4,46,41,37,78,53,97,84,14,1,29,44,12,2,96,56,41,69,19,28,40,20,63,86,44,21,31,12,90,13,54,92,58
93,67,22,11,45,42,17,37,98,23,55,68,60,8,17,26,51,11,84,3,20,51,10,1,33,85,46,2,83,58,10,37,24,75,66,43,68,93,13,51,58,64,98,65,15,89,6,85,71,93,8,96,57,5,37,78,66,48,64,65,3
42,34,98,19,13,85,3,61,34,55,5,41,21,97,2,32,65,15,93,11,21,73,71,58,13,96,40,38,78,94,12,85,54,30,29,66,20,91,15,81,78,37,50,71,62,98,21,71,15,57,85,58,12,92,16,19,64,61,90,35,12
93,86,4,5,44,90,28,98,9,11,28,92,23,11,93,8,3,32,35,19,21,66,52,80,67,75,94,47,52,70,40,18,60,74,81,3,45,8,40,73,21,90,17,13,62,86,44,68,45,29,5,46,78,57,2,66,26,54,71,66,96
42,92,76,82,55,47,93,74,44,92,30,8,86,32,6,76,44,23,58,76,43,54,47,62,91,39,40,23,98,16,23,53,45,18,36,90,95,33,19,48,53,71,5,92,32,60,52,81,80,21,79,69,56,64,27,81,90,87,63,89,71
93,76,99,20,38,82,80,99,73,78,52,92,30,26,51,18,69,35,87,78,73,98,44,91,85,3,57,38,1,96,18,77,35,80,89,15,97,70,86,77,19,2,54,73,24,99,25,69,80,89,13,45,69,88,43,79,38,16,94,9,50
71,27,18,38,64,6,4,25,18,17,66,63,19,88,69,19,1,29,62,75,27,53,21,63,64,34,59,70,26,28,72,65,53,23,29,6,27,43,8,87,37,14,80,35,8,51,56,82,79,7,99,41,60,22,21,35,5,98,38,34,59
70,84,76,90,62,71,81,56,65,19,30,67,89,55,39,36,65,38,92,94,9,7,30,22,68,27,6,90,17,80,9,91,49,28,22,81,15,20,71,54,66,46,4,48,41,19,6,12,11,97,16,87,18,42,74,87,39,39,35,71,87
44,35,99,86,78,75,39,14,83,53,1,93,9,23,7,46,58,24,6,52,76,55,72,96,89,27,42,62,95,17,99,33,35,50,85,90,59,11,24,90,54,22,46,74,47,19,65,49,35,95,75,44,87,87,35,88,28,90,16,37,45
27,69,88,68,18,25,66,10,12,50,33,26,70,41,79,64,72,95,82,27,56,79,48,11,12,32,55,60,78,41,58,80,39,42,22,54,34,6,75,98,29,99,63,77,79,55,76,52,90,8,30,83,93,19,73,24,76,5,38,61,67
86,4,86,69,70,78,9,77,96,31,51,82,15,88,7,37,72,30,95,48,19,51,44,88,25,42,58,68,22,91,72,60,56,13,54,18,11,5,1,86,24,47,32,9,55,97,63,94,28,12,98,51,3,58,72,54,82,83,76,28,54
18,68,14,23,73,33,4,32,13,16,92,64,83,89,15,66,46,84,76,13,61,14,6,39,35,17,90,98,15,24,99,27,33,66,14,79,25,71,30,32,70,44,22,5,92,11,86,43,39,32,54,84,57,30,81,58,84,41,57,50,16
4,3,26,25,42,87,86,31,17,46,93,87,55,53,89,35,49,65,81,15,10,55,55,19,86,4,77,88,49,45,69,63,45,28,70,4,90,65,9,38,49,90,75,11,44,73,16,16,40,23,7,76,81,6,73,32,49,14,92,47,94
47,35,44,60,16,41,55,42,31,85,5,50,98,19,97,8,41,46,15,23,43,6,44,59,77,54,63,12,64,94,21,27,33,31,59,54,40,68,7,36,48,55,69,16,1,4,79,12,49,88,27,15,94,81,53,53,76,26,62,14,43
84,81,36,22,20,46,81,15,32,29,68,81,83,55,29,48,53,54,31,46,32,84,43,33,87,74,80,11,60,20,29,3,59,68,44,99,12,16,79,22,29,51,37,36,98,23,43,68,13,28,52,30,1,98,3,34,66,53,26,38,51
25,83,71,87,50,92,65,18,18,48,18,18,1,49,63,60,66,44,79,25,17,2,19,41,6,93,54,46,52,10,13,63,29,92,28,34,24,37,94,3,53,68,20,33,35,8,70,46,96,26,5,64,58,2,61,25,96,21,70,54,96
60,56,39,21,32,96,40,40,82,41,5,46,5,59,44,19,32,8,32,73,51,83,26,51,46,96,71,50,47,23,32,4,72,21,71,98,54,97,10,37,72,89,8,28,76,73,83,20,39,56,17,93,62,96,98,36,2,53,58,14,49
62,88,61,94,42,54,21,41,56,51,22,98,40,79,1,46,69,3,21,82,47,50,53,72,21,6,93,98,50,96,11,9,75,67,53,2,93,21,18,46,14,45,68,2,8,27,29,17,17,42,95,83,97,94,23,63,23,63,30,52,10
31,28,67,60,97,55,67,53,14,18,89,76,89,76,20,43,58,3,61,85,38,44,26,91,75,59,60,36,22,37,46,2,16,11,18,33,52,18,80,8,53,42,19,94,96,99,45,72,27,53,26,7,74,66,2,15,3,49,93,47,59
64,22,32,19,26,51,5,23,19,11,12,86,11,6,16,90,37,34,41,17,1,25,32,33,92,97,49,40,58,24,83,25,45,13,88,63,58,10,53,80,1,50,43,27,24,5,86,69,82,89,11,59,65,42,13,8,55,39,82,61,88
67,81,21,83,19,86,56,20,20,93,41,46,56,83,98,52,89,51,48,41,94,89,56,60,7,84,29,85,98,70,22,11,43,37,28,92,64,87,50,69,74,77,33,86,32,76,61,20,24,17,7,54,87,99,88,89,28,90,88,29,7
95,39,21,2,36,47,63,7,37,78,16,36,33,33,85,22,77,70,96,24,25,46,96,33,23,44,34,42,23,95,78,70,24,77,93,24,45,13,58,16,24,36,65,1,75,41,42,64,59,11,12,55,78,50,17,44,44,29,28,16,63
24,93,84,86,41,17,4,31,54,83,40,72,91,17,90,88,10,67,57,1,74,82,57,8,31,1,58,25,95,73,79,36,22,22,81,6,30,37,36,8,62,2,27,35,70,56,87,8,77,2,57,18,7,98,28,87,79,68,58,61,66
69,15,65,99,27,71,60,49,94,59,49,58,78,63,85,3,91,66,61,86,97,93,63,24,55,97,3,52,50,88,47,73,27,40,83,15,94,85,55,19,18,64,77,55,77,53,30,49,21,36,57,12,86,42,5,31,70,8,12,95,59
82,60,10,55,58,19,29,96,77,11,69,16,46,44,38,33,33,10,72,50,96,61,27,33,42,34,47,96,40,65,66,63,68,51,20,80,95,73,6,65,27,68,54,70,49,26,67,33,55,86,38,20,40,78,96,48,17,38,24,96,11
40,19,91,7,30,87,10,74,1,83,71,8,64,82,46,70,84,7,78,58,19,10,63,12,13,84,93,46,30,85,92,67,6,74,1,38,8,84,53,20,31,12,66,14,7,80,24,71,90,37,72,98,81,41,95,62,60,41,65,32,85
32,70,81,83,33,88,1,58,62,47,46,26,83,57,58,90,87,60,45,77,34,58,25,4,85,61,84,54,5,43,33,21,91,69,79,86,28,86,32,6,27,61,95,70,68,23,64,12,5,44,71,4,12,18,2,96,97,12,30,44,55
63,88,41,90,75,60,61,42,17,79,2,23,25,8,67,31,66,29,44,36,46,61,87,64,17,38,91,99,68,77,78,97,38,35,82,4,59,33,79,33,56,51,76,83,22,85,64,60,41,12,49,70,46,61,1,26,92,51,25,16,72
63,68,27,88,72,90,56,19,24,75,24,13,44,21,52,14,24,97,6,37,94,31,45,64,67,34,96,94,81,49,74,47,82,37,16,63,72,66,18,63,96,54,62,70,47,77,99,40,62,61,4,4,45,46,1,3,12,34,67,25,84
81,26,37,57,60,38,77,3,90,96,15,25,12,83,35,77,62,40,69,9,41,67,25,33,58,46,96,36,22,78,52,97,6,48,27,24,2,25,46,74,4,97,50,53,86,68,85,50,45,11,46,23,84,65,50,58,99,60,53,13,23
47,80,41,95,46,96,10,72,5,39,87,23,33,30,97,37,74,17,8,88,3,50,37,38,27,7,19,25,23,94,75,77,43,87,30,75,83,74,79,66,50,83,13,43,54,41,92,61,92,21,95,57,35,48,70,65,42,92,91,36,53
40,57,60,28,68,44,43,51,35,24,77,52,67,2,79,2,14,37,86,79,53,69,50,19,32,64,40,16,40,72,50,57,61,44,52,31,86,66,94,80,70,93,7,77,67,44,72,13,26,96,59,60,37,54,95,7,8,14,70,35,13
50,30,63,72,78,37,32,70,93,11,3,37,17,33,70,63,21,40,47,47,99,43,23,64,50,75,93,41,5,58,30,22,37,3,98,38,20,76,53,90,21,13,11,17,52,94,9,20,2,58,99,49,48,93,17,17,82,33,26,5,11
17,34,2,47,22,79,43,46,55,17,10,46,62,65,81,75,65,24,75,37,96,52,83,51,75,54,47,67,71,31,66,97,26,86,40,6,51,82,75,88,58,21,33,83,40,24,82,61,99,47,94,12,15,62,2,96,73,7,42,81,46
49,86,34,77,85,78,87,95,76,80,56,22,60,11,8,50,85,25,28,59,7,32,2,99,15,21,86,32,25,34,62,43,91,10,46,9,23,29,43,32,2,26,77,14,15,28,35,94,66,23,32,4,26,42,81,4,67,34,80,71,45
16,87,4,18,80,43,37,3,40,7,55,45,50,14,18,91,47,4,63,87,13,41,92,57,49,61,96,91,5,44,90,78,18,78,49,87,32,98,64,26,46,63,40,93,65,15,73,49,65,58,82,71,88,77,81,76,14,93,44,58,37
71,65,14,39,13,9,72,69,97,41,84,47,52,37,37,39,24,53,36,95,82,41,50,76,67,97,29,64,67,70,62,88,23,88,63,69,77,99,20,19,38,31,26,34,52,88,18,51,84,2,27,29,31,95,33,94,71,96,15,88,77
90,17,51,99,88,32,4,17,33,86,40,18,94,17,40,15,1,55,52,37,14,23,74,33,85,64,82,19,38,90,88,1,65,43,98,19,46,34,12,24,32,23,1,84,16,87,22,99,12,8,35,16,82,56,97,19,72,82,46,97,39
4,67,14,14,34,39,18,22,29,97,16,40,15,34,85,8,33,80,52,17,95,38,77,9,90,52,18,49,63,62,45,23,12,63,99,45,54,86,63,32,95,10,86,38,36,60,47,54,27,43,65,30,21,57,40,79,45,85,10,2,18

The initial sequence dependent setup time of each job processed on machine 3.
(Where rows denote jobs: 1 to 60 and columns denote jobs: 0 to 60.For example:The value of Sijk is in row j,column i+1.)
64,12,50,72,80,82,52,83,92,66,82,94,5,29,46,13,13,27,48,99,39,13,16,88,34,79,61,76,24,52,47,64,79,50,65,40,72,14,81,39,7,95,53,3,14,64,69,74,66,31,44,27,35,20,21,58,19,34,87,64,86
69,72,91,16,57,42,8,88,8,62,25,65,86,14,14,10,45,29,5,89,36,60,7,47,38,30,2,13,51,97,6,18,65,29,99,2,14,41,59,79,83,65,89,81,3,38,36,61,90,85,90,71,20,96,66,82,12,2,87,19,66
51,47,53,7,52,23,6,92,89,56,21,10,85,83,29,82,74,9,95,67,56,5,76,48,89,77,58,96,21,86,9,27,68,7,34,30,99,95,18,46,35,47,32,56,65,56,75,54,98,12,30,87,11,6,1,76,71,94,24,28,63
59,52,76,30,46,32,71,80,79,98,92,98,54,88,26,16,70,12,59,48,69,51,20,2,24,76,12,19,74,57,21,73,48,37,63,23,31,93,25,63,19,77,87,40,2,75,36,98,30,4,12,84,62,36,98,86,98,97,85,98,43
6,17,69,40,93,22,56,8,76,74,98,71,12,41,27,35,45,40,8,87,67,55,24,51,62,43,62,2,79,52,75,21,46,22,40,87,73,3,8,93,69,85,91,30,49,35,99,68,20,2,26,48,39,72,36,81,80,75,86,67,65
62,76,86,41,41,39,7,91,5,33,4,88,83,1,36,34,83,82,37,57,16,43,12,72,32,24,85,40,78,15,26,48,5,4,43,41,3,73,82,57,70,5,6,20,32,3,17,33,97,99,75,46,17,75,98,20,78,23,49,16,29
62,40,18,80,76,97,22,61,74,55,87,42,41,54,79,77,12,41,1,46,2,44,14,43,51,28,4,88,28,34,90,25,90,53,12,55,68,73,25,69,70,92,74,59,11,35,90,24,28,18,29,66,80,26,17,43,56,38,89,91,25
63,2,43,95,96,45,36,6,75,39,49,96,84,47,62,36,17,76,40,76,42,33,22,36,36,31,82,60,88,78,71,70,84,79,87,92,29,94,93,30,7,73,39,82,28,65,54,8,90,6,8,34,73,77,84,64,65,49,80,66,71
12,19,44,68,77,48,10,6,50,23,79,4,18,27,9,15,68,90,29,22,43,17,66,54,42,26,95,63,64,68,15,36,65,62,27,80,55,51,71,78,20,33,14,22,51,3,95,17,99,45,98,11,61,15,94,54,37,27,66,58,48
21,61,78,58,74,80,51,14,55,8,56,45,75,49,83,96,82,91,27,40,5,1,77,1,76,79,21,24,68,13,42,27,16,90,92,36,51,1,67,21,43,29,22,48,5,51,70,28,15,76,80,36,29,9,48,37,35,12,45,18,97
16,9,45,53,83,64,55,88,58,42,52,78,45,28,22,30,77,44,37,7,79,27,3,84,50,39,26,5,56,44,22,46,8,64,97,32,6,9,92,6,75,50,42,83,10,18,22,31,31,83,5,60,11,46,82,66,54,67,41,89,13
74,80,94,67,96,50,50,12,91,87,95,30,80,85,86,2,17,49,21,78,87,93,68,99,83,91,97,16,11,11,76,43,89,55,45,65,31,76,99,1,27,68,79,41,66,9,5,40,5,55,76,63,40,76,81,28,40,54,93,91,98
73,7,74,41,26,34,70,10,16,6,38,62,81,44,41,25,14,45,97,24,6,37,59,34,44,1,38,28,55,76,11,43,47,2,36,15,11,25,29,92,71,38,57,39,7,77,30,4,46,69,9,72,4,14,49,11,86,30,17,52,58
59,94,64,67,3,26,97,97,28,58,25,92,55,96,24,58,3,83,8,7,66,5,23,92,55,18,14,38,5,56,95,54,87,32,8,65,6,56,83,18,36,13,59,96,54,20,80,48,2,22,89,38,61,66,23,8,54,15,94,17,48
86,20,97,68,69,52,44,92,41,98,7,18,19,7,51,55,60,45,13,60,67,56,57,24,29,88,83,20,52,8,72,45,48,47,90,44,5,78,8,17,97,2,62,76,90,51,42,15,70,94,14,84,92,80,80,2,34,6,22,71,88
1,76,38,99,75,70,63,73,35,59,55,83,39,65,89,33,92,61,32,14,65,63,10,7,77,23,34,65,8,28,20,38,38,48,22,26,75,73,29,33,70,76,42,88,63,48,36,37,77,20,19,39,4,26,6,30,4,42,79,64,47
5,33,79,77,86,77,22,83,31,88,71,31,93,9,5,59,78,88,27,51,54,69,31,34,59,29,57,56,77,18,17,18,23,39,86,23,40,87,64,25,3,77,67,45,60,7,52,24,75,9,6,48,3,42,94,61,85,9,47,31,94
18,55,62,25,6,34,24,73,30,77,80,19,47,35,36,2,40,43,79,60,76,6,16,84,9,99,44,57,36,29,96,2,8,70,67,97,27,9,16,60,43,3,48,1,8,99,21,82,81,80,93,41,96,79,16,12,54,3,57,23,10
89,26,14,31,83,12,24,13,78,87,93,91,81,96,77,89,1,93,51,45,80,4,92,79,11,93,22,72,62,99,89,39,84,11,91,89,66,8,14,43,76,8,3,85,41,23,50,44,96,80,44,18,32,16,49,66,79,55,92,81,11
75,64,19,86,19,96,22,85,43,44,38,35,6,34,9,18,31,60,17,59,44,77,8,23,80,57,18,35,34,67,48,59,18,47,34,41,7,72,73,83,90,71,87,46,51,79,3,77,50,16,10,46,42,38,31,97,97,65,98,72,68
17,33,39,29,25,93,43,54,5,37,76,89,37,69,43,7,68,34,96,86,68,12,49,91,85,19,16,2,9,75,81,81,48,85,19,28,43,35,99,91,4,87,16,39,87,64,53,81,19,31,28,87,2,10,8,78,14,84,40,47,16
72,94,38,80,66,16,87,28,87,68,9,39,73,81,1,46,11,49,20,37,34,34,24,76,81,62,4,28,71,6,57,74,30,49,41,74,36,8,97,94,30,63,82,92,79,89,47,72,16,90,44,45,36,29,59,91,67,22,26,91,59
93,60,45,2,39,52,84,40,50,75,26,72,19,19,84,2,7,39,50,44,37,64,38,71,61,4,54,73,41,99,48,81,16,42,83,71,54,34,98,32,75,20,10,63,59,81,22,15,11,4,89,71,70,10,57,37,91,34,80,24,34
6,3,56,55,44,82,16,78,62,18,68,71,94,26,39,14,9,28,4,61,4,1,60,10,37,75,85,1,23,43,55,8,49,31,18,70,64,16,37,19,47,88,96,24,4,90,85,20,29,63,13,79,59,38,78,61,69,92,21,33,32
63,15,19,12,18,11,8,73,68,86,90,68,28,41,62,53,93,72,56,60,44,34,8,9,47,14,83,48,45,7,77,92,33,4,66,82,36,70,91,18,5,65,67,67,83,68,68,63,51,88,71,33,76,67,42,10,4,89,27,54,38
7,83,43,61,51,54,70,18,62,51,85,18,84,4,85,71,3,61,83,19,12,83,2,19,45,92,29,42,66,51,47,96,72,4,94,39,46,54,38,29,62,61,87,35,2,82,69,36,52,5,55,25,5,28,93,41,34,47,9,5,21
61,43,68,32,85,21,92,77,89,96,56,87,25,29,81,90,21,27,29,67,58,57,12,12,24,35,94,84,48,10,72,70,53,12,67,24,53,13,68,85,89,75,58,45,48,59,81,35,98,31,12,63,40,91,28,80,87,53,18,50,16
22,87,46,79,95,82,1,69,87,7,59,29,74,11,85,41,11,91,45,58,69,22,11,17,5,37,83,12,5,48,55,28,85,60,64,15,12,83,1,89,81,36,16,30,4,62,90,47,93,93,37,38,6,42,47,17,56,74,81,38,82
33,76,34,34,17,9,7,32,11,49,9,99,9,63,56,67,10,62,64,64,6,6,84,45,42,49,39,64,4,17,93,23,50,19,49,88,31,64,92,62,2,43,56,99,42,21,50,87,67,85,66,86,81,67,99,85,79,19,87,8,70
37,52,48,37,55,60,94,29,35,9,90,53,98,96,40,74,52,63,72,93,51,31,31,34,9,4,61,35,90,55,17,10,85,93,70,69,82,4,70,56,22,15,17,41,84,93,77,23,38,74,89,21,6,96,51,24,99,28,14,60,86
52,75,44,1,68,9,65,2,64,57,38,36,34,77,93,26,45,35,36,21,3,69,35,99,9,89,73,68,63,37,31,78,92,77,34,37,15,96,5,9,44,48,40,26,1,80,27,55,86,90,52,46,3,86,14,1,86,58,17,17,60
11,40,38,95,43,69,79,44,44,83,74,8,32,65,29,23,33,55,12,16,20,57,95,50,72,54,37,70,67,28,36,65,2,63,2,90,75,29,84,71,28,75,28,40,3,50,53,32,52,37,86,63,34,54,85,90,43,7,34,50,64
42,34,57,63,57,83,80,84,11,45,81,18,60,30,27,27,97,8,51,31,59,92,80,53,34,31,43,4,84,98,59,36,8,85,2,36,77,49,48,20,81,28,62,74,55,34,29,7,39,7,16,65,99,39,30,8,43,10,68,87,1
55,54,12,64,7,17,18,37,32,10,25,56,28,22,52,64,36,71,58,11,58,58,39,93,55,85,72,18,76,44,1,86,67,5,84,71,75,64,79,53,6,11,19,6,28,47,30,19,84,40,86,63,62,63,92,90,60,58,61,53,83
43,69,96,94,66,25,74,34,77,13,49,18,91,14,29,44,82,1,53,31,67,64,58,31,44,30,82,89,80,2,6,7,80,9,79,86,46,93,73,79,10,54,34,11,76,73,82,25,5,34,36,64,47,26,84,30,93,78,61,42,72
30,25,94,74,33,34,45,14,28,94,38,99,42,8,67,19,73,7,32,77,16,49,38,52,17,75,74,13,65,45,87,86,34,8,92,22,13,13,97,68,52,64,87,90,78,17,39,33,14,38,60,89,82,78,14,54,77,41,96,57,6
82,15,4,79,33,90,45,28,15,38,83,68,61,82,64,24,21,44,77,48,12,51,4,45,24,52,75,11,57,82,68,61,87,99,52,35,5,51,33,54,44,15,38,13,29,70,46,94,71,91,84,5,86,2,73,66,83,13,62,20,34
20,4,33,81,76,98,35,93,35,38,2,33,65,5,98,69,3,63,52,4,34,5,18,85,57,66,14,40,90,3,21,10,26,60,88,48,41,81,48,95,87,85,15,16,57,15,16,69,80,96,97,53,98,70,87,60,80,19,30,98,55
52,50,65,47,46,17,99,38,42,89,9,56,3,70,4,46,53,8,91,88,44,52,79,28,61,93,24,26,99,58,13,87,31,47,32,1,12,32,36,27,53,52,96,76,28,30,49,16,53,77,9,32,86,25,62,71,4,68,57,56,10
93,80,59,16,44,7,98,13,41,23,57,78,89,32,84,98,59,85,20,42,2,34,42,36,94,94,90,90,34,10,59,72,50,1,73,38,45,45,10,90,22,81,81,60,19,98,76,80,49,37,54,13,47,55,56,60,80,91,33,33,33
71,92,93,27,27,13,84,14,78,34,64,65,32,29,24,27,44,40,61,99,45,27,77,34,60,72,66,38,47,20,1,20,49,27,74,7,34,13,42,70,78,23,53,52,78,57,7,2,22,31,24,24,93,32,73,96,24,60,7,98,76
93,32,29,69,33,49,7,68,48,4,29,34,66,89,24,14,52,21,32,69,50,32,22,66,18,87,65,67,10,35,40,24,12,17,74,5,77,9,89,21,39,3,92,62,30,7,38,8,20,94,98,86,57,3,40,38,48,64,9,48,42
7,67,19,60,43,8,10,47,79,63,89,99,16,6,29,41,79,6,27,99,39,35,57,62,22,97,77,36,90,21,28,14,21,4,60,59,87,7,99,88,22,87,54,69,95,36,37,90,65,52,44,31,99,2,17,53,83,4,48,76,92
1,81,90,35,27,41,51,8,36,2,30,70,48,9,46,61,91,95,37,17,75,67,86,96,9,19,60,25,63,66,62,93,50,3,45,60,16,22,68,86,52,6,8,10,29,74,92,83,66,5,61,4,76,74,97,97,80,15,34,8,10
87,30,28,18,4,95,75,26,73,62,15,59,59,5,67,67,26,31,16,75,57,63,66,24,97,66,57,5,29,61,4,16,79,40,90,27,12,80,49,74,44,26,12,89,20,77,83,36,23,60,66,67,79,62,83,90,64,87,85,88,87
81,69,62,5,96,56,10,41,40,9,19,19,40,60,77,38,26,32,22,6,97,75,18,45,32,12,9,71,12,11,45,39,16,60,11,62,52,72,2,76,96,23,6,91,26,99,95,43,94,76,41,63,68,61,97,8,36,44,97,19,90
34,54,97,97,40,16,58,35,56,68,60,58,92,98,57,20,40,8,35,33,30,89,11,94,16,36,36,25,21,2,8,63,16,56,83,10,31,43,93,36,78,11,13,97,71,84,58,34,37,19,26,16,45,6,82,94,32,69,78,7,96
26,82,6,79,52,24,48,76,87,64,2,4,12,14,5,19,30,81,81,61,53,30,1,75,38,50,21,33,34,60,61,41,57,89,89,80,11,81,97,81,4,68,68,68,17,68,1,98,26,71,68,4,21,48,81,31,99,88,62,63,49
24,11,4,52,49,9,63,30,67,7,6,87,5,56,19,49,66,96,41,42,91,24,89,99,35,32,90,24,86,67,83,47,23,33,22,11,79,38,36,52,74,59,69,50,77,81,27,18,76,70,55,78,76,75,58,17,4,40,50,61,73
7,76,52,67,69,26,57,5,72,9,54,21,37,90,92,52,69,31,96,36,11,37,7,59,75,27,50,12,80,63,17,59,85,57,92,10,66,82,85,91,68,48,70,27,11,99,26,91,95,57,41,94,82,67,12,47,72,95,46,25,85
26,23,52,22,64,98,92,90,49,45,70,66,66,80,93,34,94,89,25,88,84,80,14,32,97,60,92,38,31,65,58,23,16,65,85,7,30,25,47,31,21,15,73,38,93,20,25,95,37,53,83,56,90,10,8,69,45,25,12,91,88
68,89,70,93,12,65,11,83,46,97,86,64,2,83,73,7,33,25,84,64,82,52,69,91,78,6,98,13,10,58,53,54,29,80,26,41,72,40,74,89,34,24,39,65,35,57,54,67,21,33,33,92,41,15,44,5,3,36,8,31,11
22,65,37,59,19,72,66,88,54,8,81,82,57,95,19,4,86,95,46,58,23,24,83,67,89,38,10,1,12,55,49,27,29,66,50,54,17,29,82,5,73,14,62,48,20,29,30,60,5,41,55,22,65,93,86,38,11,84,31,28,39
86,56,15,87,79,2,68,90,50,71,12,97,83,33,36,3,97,74,39,2,56,41,58,96,41,92,33,61,17,56,21,26,47,82,59,69,16,49,8,32,18,44,57,79,17,83,61,76,3,82,77,10,30,28,78,43,88,23,10,26,88
42,38,87,40,76,15,58,46,25,11,88,20,53,59,26,6,1,97,90,68,43,12,21,77,16,81,19,48,52,72,46,64,3,1,56,35,89,39,96,7,48,83,68,73,84,22,19,58,40,81,99,63,45,84,40,31,78,96,73,49,28
87,84,45,71,53,97,77,76,92,59,52,20,33,82,65,7,96,77,11,85,80,98,75,59,77,43,55,7,52,53,96,14,81,72,90,87,35,27,22,57,75,18,9,4,47,94,34,7,97,66,43,61,95,79,91,49,45,15,14,31,37
65,24,72,10,88,89,50,32,53,11,18,89,2,87,50,80,42,8,63,47,50,98,42,87,27,70,3,74,75,81,10,35,12,70,6,81,25,98,51,78,11,50,89,64,93,75,30,37,1,62,4,55,60,99,54,7,44,6,80,65,6
53,49,20,68,95,65,58,8,87,73,71,72,5,72,80,78,16,98,28,18,41,81,36,46,51,39,91,56,40,79,32,72,76,54,81,40,2,85,17,81,37,97,18,98,81,68,7,68,71,98,1,68,18,22,3,55,51,92,87,8,25
90,12,27,34,9,27,50,81,65,37,29,79,86,4,82,71,43,40,13,57,70,2,94,45,16,82,86,38,35,58,84,9,38,97,36,2,71,96,99,78,9,78,14,86,64,18,30,39,10,63,68,20,29,98,71,87,69,16,38,33,89
20,54,18,7,39,5,96,13,48,12,41,48,9,64,72,90,55,87,4,92,46,72,35,40,48,25,56,89,38,11,13,89,1,98,22,57,46,48,50,48,24,31,99,82,14,15,7,81,45,13,78,79,25,42,31,83,60,66,18,35,90

The initial sequence dependent setup time of each job processed on machine 4.
(Where rows denote jobs: 1 to 60 and columns denote jobs: 0 to 60.For example:The value of Sijk is in row j,column i+1.)
40,1,98,28,67,62,11,36,54,44,23,73,24,41,98,57,83,92,53,6,20,15,60,67,35,61,13,73,36,1,74,59,70,17,80,57,67,98,36,14,41,46,9,31,81,14,58,6,81,40,9,52,63,79,13,73,93,78,10,24,72
14,16,14,19,41,75,54,92,75,87,15,50,11,25,54,43,45,84,73,54,27,12,5,7,44,79,5,1,17,10,40,39,93,40,64,51,3,46,39,57,8,73,4,71,50,3,94,28,71,20,42,38,34,32,69,54,97,40,96,98,66
11,37,57,27,94,65,59,82,94,32,3,70,85,73,46,33,98,62,81,3,55,77,97,98,9,31,5,55,26,39,9,28,44,92,83,53,84,84,14,42,31,64,8,94,32,94,44,27,4,52,94,60,6,88,72,22,80,19,37,37,23
77,87,19,22,30,71,63,84,19,76,99,86,35,11,99,99,74,74,36,59,50,67,94,93,26,50,71,85,31,93,11,31,6,30,83,59,70,78,77,87,46,60,78,17,65,45,37,80,79,66,91,5,90,60,13,50,22,25,90,32,65
70,96,90,82,38,35,65,62,93,98,95,79,20,19,1,78,3,44,8,50,31,45,17,6,74,94,63,66,24,35,34,51,61,95,70,63,35,81,49,19,83,94,33,36,8,43,3,45,28,9,47,22,33,37,4,13,55,18,62,10,7
28,29,23,47,59,24,55,22,35,54,29,67,59,67,18,33,1,60,57,10,66,31,71,68,13,43,85,88,91,8,52,83,39,68,80,75,9,42,87,93,91,19,90,33,72,14,25,69,18,30,87,15,86,77,29,70,37,7,33,3,74
80,90,11,33,31,19,96,4,99,38,80,59,82,70,28,11,15,46,62,50,73,90,9,46,66,39,36,39,65,58,89,19,78,21,47,72,34,74,63,24,98,29,98,56,78,8,88,82,27,49,93,96,7,23,20,85,66,28,38,53,91
19,17,92,3,19,6,76,72,34,77,78,61,1,39,85,29,8,15,9,55,40,81,91,36,92,41,30,68,56,36,2,61,81,26,93,63,88,75,52,58,1,49,26,50,30,90,43,71,10,16,42,23,4,32,68,71,47,67,46,96,41
2,98,12,30,16,80,29,13,42,21,72,82,9,44,7,35,88,33,96,50,48,62,70,92,75,29,73,78,81,73,3,90,15,34,11,58,78,72,71,37,69,89,69,12,92,31,99,22,23,77,28,45,43,94,41,53,63,41,94,14,94
55,63,98,35,80,51,46,32,2,96,69,8,5,6,39,35,75,69,12,43,55,76,51,89,18,30,15,14,25,46,57,4,68,17,93,1,84,92,26,81,51,28,45,27,5,22,38,23,80,8,53,47,75,10,82,35,91,52,45,68,18
87,6,35,54,35,61,75,66,86,46,68,27,52,89,50,18,85,58,42,88,52,32,85,74,19,87,16,41,72,13,30,63,54,96,18,14,83,79,29,65,30,94,86,17,87,47,51,87,96,22,62,77,1,29,51,54,62,21,33,20,50
31,14,68,88,92,13,35,82,78,93,25,12,94,50,99,21,49,11,74,3,67,13,65,28,69,24,82,79,18,80,21,45,27,29,20,32,15,87,41,77,96,84,84,9,89,66,39,95,5,32,65,10,29,79,43,37,67,87,57,7,8
11,47,29,82,68,1,95,64,60,65,45,16,63,69,56,34,1,1,14,20,51,85,70,91,82,63,9,9,43,78,8,66,68,84,24,2,25,63,14,3,2,16,23,72,27,92,23,75,16,59,24,11,87,20,38,24,31,11,58,34,33
54,2,15,88,35,69,29,98,23,46,84,82,3,51,55,83,36,22,98,28,7,28,6,59,46,62,67,92,9,44,33,49,65,43,30,91,75,17,42,64,74,7,12,88,60,74,61,68,55,69,25,73,38,15,35,25,8,18,83,79,64
94,44,88,5,65,70,70,8,48,98,58,89,42,22,89,92,23,2,65,9,96,52,30,37,92,65,71,17,93,59,54,2,77,25,95,60,98,94,31,17,48,85,63,45,93,61,75,68,47,65,65,53,34,73,43,26,92,24,55,64,85
69,65,58,31,54,51,26,69,19,18,40,10,12,97,36,59,3,88,97,76,1,94,73,89,21,42,41,4,13,1,66,80,89,96,65,78,16,87,32,73,86,45,1,31,2,40,18,71,49,61,13,59,43,49,22,98,99,76,51,12,88
29,16,30,64,36,46,67,84,37,91,96,21,72,52,36,89,98,87,72,76,41,64,86,1,81,13,48,33,28,50,95,53,37,10,5,84,10,81,91,67,74,26,97,39,71,61,35,61,84,76,93,19,31,67,53,92,72,31,30,81,43
43,6,61,20,72,35,21,29,86,36,4,6,66,93,79,51,10,75,15,89,34,69,45,99,31,84,27,90,11,52,44,35,1,67,45,22,95,9,28,31,21,58,39,27,53,97,49,37,86,95,85,69,40,84,22,98,30,83,95,13,61
41,62,23,93,85,69,78,56,60,84,92,79,40,59,64,45,80,69,29,1,75,30,26,98,47,57,87,7,52,67,85,78,70,24,18,69,85,93,40,94,70,60,98,9,88,55,7,84,55,38,68,71,18,1,76,79,84,74,47,39,70
16,52,70,94,47,27,37,81,15,44,7,67,3,68,35,98,39,4,63,86,82,14,55,50,93,86,63,97,21,18,89,19,45,20,15,24,24,79,57,55,14,11,69,21,78,74,4,90,33,24,57,81,51,52,56,75,29,96,54,78,20
49,42,24,76,5,72,43,14,85,88,56,6,14,89,46,31,89,66,28,85,1,73,91,89,44,8,71,83,30,2,99,88,21,3,76,60,9,31,85,62,71,28,35,86,28,24,51,36,22,45,88,32,83,8,30,46,18,66,25,11,10
81,44,89,65,80,6,2,60,95,96,99,89,6,72,81,84,5,57,93,56,35,34,64,54,48,14,53,74,52,26,93,32,86,51,24,59,96,49,17,14,41,47,17,72,25,16,92,39,44,24,56,85,48,24,3,48,10,5,75,72,94
68,42,23,73,20,7,9,92,45,49,70,91,56,29,24,21,16,56,5,4,29,21,76,18,66,7,99,72,80,16,20,1,35,41,52,82,14,88,35,90,72,58,97,44,66,52,5,23,16,70,2,43,81,90,96,90,19,79,49,36,28
53,9,14,98,23,74,65,21,33,71,88,19,17,24,89,51,44,10,17,54,51,13,8,66,43,62,29,79,36,66,73,43,8,50,37,33,36,43,79,6,51,22,1,40,27,41,5,46,30,6,19,98,93,64,95,4,45,30,17,72,37
66,18,71,59,27,85,39,29,50,36,33,36,74,73,65,74,45,22,32,62,43,37,33,64,50,17,34,58,17,37,34,15,31,96,61,34,28,15,76,78,71,78,20,23,50,72,95,89,71,91,2,22,28,16,9,49,19,58,8,32,54
16,2,25,74,17,83,15,25,36,1,62,57,10,65,97,93,37,90,44,52,12,36,83,71,24,14,94,28,24,4,99,68,49,89,92,58,63,81,72,43,27,64,17,98,35,18,77,70,37,59,27,99,55,24,57,78,3,55,93,66,70
81,96,71,14,51,13,42,60,38,4,39,88,94,17,72,46,83,11,59,93,64,66,51,54,98,2,47,11,78,99,50,67,52,17,55,55,44,53,6,14,22,84,9,72,7,38,99,83,36,6,42,90,24,95,11,75,74,11,74,7,58
27,67,81,64,41,9,27,21,67,28,95,86,77,67,94,61,1,1,75,25,27,38,96,68,73,29,46,1,78,63,37,52,29,87,11,94,50,21,90,63,55,65,69,15,87,50,24,15,54,1,32,90,97,97,30,30,92,65,21,57,48
11,13,17,23,62,72,87,5,97,97,77,43,74,61,5,35,44,40,79,74,22,55,66,7,48,35,24,44,23,44,20,15,83,46,49,62,9,36,44,19,91,91,47,54,96,20,56,40,22,27,57,37,88,96,30,71,54,77,36,88,53
20,91,63,78,66,72,70,69,80,51,78,30,82,26,67,59,51,15,46,39,95,48,84,86,19,22,38,72,56,16,18,71,74,87,8,19,35,1,37,6,73,16,93,11,24,76,42,45,21,25,5,69,7,62,93,94,24,26,38,21,59
98,6,50,53,75,50,35,81,39,74,41,60,56,85,50,82,55,79,68,49,55,35,15,23,83,71,11,74,57,24,66,73,29,8,56,31,61,66,39,9,43,56,52,77,76,78,92,22,29,39,39,75,25,9,56,45,50,10,85,1,66
12,58,86,33,89,27,51,54,26,94,54,66,44,12,83,15,27,95,26,52,29,89,36,15,14,16,26,25,83,25,66,51,33,60,39,86,17,28,78,67,38,91,91,65,99,73,50,85,41,4,82,97,29,32,48,4,8,68,76,79,32
30,38,43,36,98,19,3,73,24,41,71,5,85,2,76,73,48,20,23,67,86,93,4,56,36,13,4,6,64,57,57,7,63,10,92,88,78,99,46,14,1,44,91,30,46,23,97,48,11,90,94,37,71,72,84,77,18,49,19,33,32
63,3,53,87,21,75,42,5,88,51,42,34,36,9,82,47,69,23,25,6,3,75,58,54,1,1,32,33,21,30,12,8,16,70,86,92,77,27,20,96,30,27,10,41,71,20,17,38,30,74,40,66,45,79,63,36,78,29,86,48,90
56,26,87,6,84,71,98,84,64,73,93,41,33,80,67,14,40,2,19,96,30,26,77,24,77,74,56,14,89,30,37,18,44,56,4,34,1,27,61,9,97,58,5,34,35,6,56,66,6,64,97,11,38,63,30,65,99,57,49,22,67
90,36,42,82,14,41,26,57,28,89,2,61,82,72,53,46,55,49,68,60,61,79,22,61,16,26,98,73,30,47,75,76,62,15,27,85,47,85,70,85,75,16,46,18,51,84,83,10,63,88,83,47,94,74,29,2,39,48,5,32,82
17,3,6,75,2,7,95,65,39,26,66,53,13,2,69,49,50,56,60,3,11,5,12,14,12,46,74,21,45,5,49,46,63,56,83,52,6,90,17,89,49,11,65,50,76,57,31,46,20,97,94,55,95,56,40,46,45,40,13,51,47
9,70,7,73,97,7,97,95,80,25,77,47,12,80,27,62,79,67,53,41,54,89,24,71,68,56,58,43,17,78,38,35,39,94,76,19,51,31,11,13,27,42,43,97,5,62,16,72,63,96,29,38,64,30,49,10,94,33,5,1,86
24,49,94,60,60,47,58,8,21,81,90,54,26,71,75,31,21,27,86,26,70,2,6,78,48,66,65,64,75,22,23,36,76,62,95,38,81,7,70,99,5,34,96,69,28,25,50,54,93,37,49,90,42,27,95,69,52,85,44,85,68
67,91,15,60,42,48,24,12,98,89,34,16,93,8,20,2,77,15,78,73,25,46,58,73,35,85,72,18,43,22,76,40,27,59,56,76,52,39,99,2,82,49,50,29,75,49,32,71,62,82,75,50,70,44,16,32,72,49,3,5,94
68,96,14,8,34,64,16,74,60,41,3,23,60,18,65,10,71,45,3,83,62,66,82,30,69,11,22,33,96,5,18,85,77,63,85,40,97,24,7,35,62,16,72,19,27,23,72,38,26,87,46,51,94,77,26,31,99,86,27,74,88
58,42,17,12,4,28,42,95,99,74,11,96,58,33,27,45,23,18,41,15,69,41,92,28,75,5,11,65,21,95,20,7,80,44,84,13,22,45,93,10,85,93,37,87,9,51,93,34,76,74,20,90,92,90,12,69,29,57,99,62,76
22,1,30,98,62,3,46,92,44,41,31,65,10,27,57,48,79,15,66,60,74,21,2,60,1,39,22,89,83,65,20,99,49,60,71,86,53,77,99,37,61,43,72,65,93,57,96,45,22,5,41,18,42,83,91,59,40,20,73,88,29
67,60,97,46,21,58,55,83,86,53,11,46,39,93,3,23,62,89,20,89,73,99,13,44,91,58,2,41,71,42,51,40,9,76,23,60,13,55,81,98,58,46,5,4,78,14,23,17,22,34,87,10,11,63,83,46,96,33,95,74,41
17,60,60,10,35,21,8,30,41,82,84,16,70,46,85,44,19,36,26,64,47,52,7,55,17,98,39,16,72,67,19,33,65,8,54,76,51,2,33,78,6,47,24,86,33,46,40,72,44,43,70,47,84,34,94,1,58,39,95,71,49
57,7,44,25,56,57,28,31,35,61,87,88,66,31,88,59,96,9,88,10,9,8,97,49,42,19,71,19,84,31,95,42,90,4,25,69,64,35,20,47,7,2,95,49,75,52,46,41,84,52,99,79,73,55,49,74,68,63,50,71,21
83,66,79,7,29,63,60,57,93,24,70,42,15,32,16,99,58,8,7,28,17,44,36,4,81,49,2,1,3,12,21,9,72,8,91,10,85,84,40,98,68,36,13,10,30,99,48,58,58,18,43,69,95,69,63,93,64,82,34,53,84
45,67,46,21,18,13,20,64,10,88,66,75,48,99,92,10,46,59,90,74,3,40,19,51,71,74,50,52,24,68,9,38,23,97,73,8,76,39,96,31,53,38,40,63,70,98,33,32,17,80,45,97,58,11,3,30,90,97,71,78,42
2,6,39,69,43,89,97,98,94,51,59,20,83,52,1,91,46,85,99,91,81,28,3,11,16,30,41,54,4,29,14,54,85,12,70,29,12,43,7,2,64,41,55,93,7,43,57,54,35,21,40,29,27,25,88,56,92,27,85,64,61
29,61,10,24,31,4,30,6,13,67,7,44,97,43,88,14,38,25,98,64,23,25,45,37,90,26,25,88,65,5,27,50,19,23,43,67,1,40,58,33,62,1,79,3,41,60,24,69,2,91,32,32,97,85,89,50,15,34,7,19,69
31,24,87,73,61,33,29,48,94,53,71,38,54,98,21,20,73,93,27,7,93,98,62,90,61,98,20,10,72,70,91,76,32,70,36,17,4,47,88,14,77,60,51,41,30,42,98,59,1,55,68,26,60,91,71,4,37,79,15,80,38
9,89,80,54,73,98,65,82,91,33,99,33,14,51,43,64,73,54,31,8,25,74,49,74,62,7,9,75,37,20,91,55,87,84,91,78,67,43,8,82,53,87,56,84,17,17,70,94,54,64,87,89,44,3,67,44,6,12,44,76,3
76,60,18,62,55,54,93,56,34,58,73,87,79,95,29,8,86,29,80,66,49,30,54,54,11,90,79,65,1,12,77,2,82,3,10,77,87,90,79,32,86,74,62,76,47,46,45,96,68,47,13,99,42,94,72,15,26,11,56,45,35
20,44,10,2,70,38,17,98,9,13,57,82,84,83,77,55,22,79,84,12,47,18,16,14,47,95,62,51,91,95,52,90,33,78,59,49,4,1,55,47,74,60,86,48,87,87,32,12,96,42,9,87,83,92,47,65,26,91,99,62,96
30,44,32,62,14,10,66,3,15,62,94,97,17,39,25,1,80,70,60,57,39,28,26,89,47,57,36,46,33,22,69,24,72,42,92,85,82,29,34,8,47,68,20,14,30,57,78,13,81,20,96,81,70,42,74,7,60,51,89,58,95
73,17,44,89,45,15,19,22,8,21,25,47,13,17,36,24,31,89,32,37,82,51,9,91,71,48,21,17,58,72,45,68,37,87,55,73,56,4,38,8,17,69,32,10,24,59,33,10,26,44,67,37,73,49,8,40,10,55,21,2,95
4,19,93,83,67,93,18,78,89,43,90,98,83,72,34,21,78,57,79,83,14,77,15,61,5,59,53,53,85,26,48,72,65,66,72,85,79,49,23,56,77,32,99,52,3,21,87,46,71,87,43,2,73,91,52,84,24,28,62,72,27
43,30,82,12,26,29,1,9,19,81,93,55,86,16,49,54,6,10,53,2,17,89,2,4,60,37,87,31,34,32,64,67,91,96,46,62,27,59,99,18,76,66,35,55,27,5,13,8,91,72,33,3,8,88,27,74,45,76,92,98,99
71,32,32,39,46,59,76,67,64,25,61,51,32,98,51,35,97,27,99,40,47,95,70,28,33,16,94,20,76,69,28,60,77,27,3,88,74,61,1,33,87,7,64,85,45,97,98,14,98,67,27,45,96,11,86,18,30,34,61,81,3
42,70,60,56,91,62,44,29,21,40,97,84,11,27,58,62,42,81,9,13,16,11,70,88,83,50,97,17,39,93,93,93,29,35,4,60,56,26,74,23,86,31,87,95,61,32,24,16,1,56,76,54,72,59,52,59,24,9,65,18,50

The initial sequence dependent setup time of each job processed on machine 5.
(Where rows denote jobs: 1 to 60 and columns denote jobs: 0 to 60.For example:The value of Sijk is in row j,column i+1.)
6,88,52,95,55,11,69,17,71,47,24,22,32,32,14,12,31,61,82,17,19,17,12,90,40,91,14,23,6,74,70,12,38,60,96,73,76,19,2,63,55,85,63,86,67,19,14,99,12,87,68,96,86,6,73,90,88,25,34,37,29
98,95,86,11,83,17,46,31,48,75,76,10,19,38,48,32,66,21,94,73,14,70,63,99,52,75,52,20,91,97,62,35,10,52,53,36,93,32,53,89,74,64,37,96,57,11,2,33,34,56,32,94,60,84,91,22,26,95,79,75,58
19,35,5,96,24,24,87,41,97,22,41,19,58,19,3,72,23,97,98,47,44,37,34,25,39,77,67,15,38,81,10,64,41,99,75,58,30,95,30,80,23,63,16,19,56,64,92,65,41,37,57,99,78,86,71,10,13,51,39,90,49
40,28,72,42,58,92,12,83,99,41,58,11,98,64,98,87,45,18,22,9,15,56,48,42,42,83,23,61,96,96,15,42,40,18,63,1,40,14,84,98,90,40,63,40,73,43,36,85,40,60,19,30,66,75,83,22,14,49,49,75,18
44,27,72,48,54,41,8,62,95,81,64,74,81,59,62,95,45,49,22,16,2,12,37,15,1,9,2,49,30,63,92,76,29,90,82,11,63,99,51,42,7,71,63,93,81,96,73,73,29,95,90,56,78,62,2,77,42,90,76,47,95
92,11,44,73,51,70,45,38,70,72,89,47,44,29,91,75,25,71,86,70,75,37,76,58,5,75,38,3,17,39,99,41,69,6,93,95,41,34,49,19,46,16,89,32,50,94,33,46,70,55,24,96,90,15,99,23,32,61,87,37,64
36,21,81,19,10,28,47,97,34,56,20,30,48,7,90,8,31,96,47,60,34,7,83,69,12,70,91,56,13,36,7,35,7,5,45,95,1,21,27,91,49,69,77,73,10,82,19,49,95,41,36,44,25,19,11,8,11,50,92,2,29
4,36,83,66,44,70,76,72,3,15,71,16,5,96,29,24,37,10,31,98,52,59,18,60,58,7,3,81,64,16,29,38,12,52,54,93,31,80,26,9,71,18,94,73,70,1,92,22,20,21,89,91,79,4,96,95,87,70,61,14,28
41,43,92,93,33,41,40,42,58,39,44,90,36,67,86,53,89,57,49,11,77,20,36,52,73,67,69,54,92,35,58,55,18,36,22,60,87,58,78,75,94,40,55,21,93,44,39,4,2,22,74,73,59,40,14,89,74,60,7,98,75
88,16,50,91,18,33,47,87,48,78,87,22,39,88,51,55,41,7,83,34,25,18,86,20,58,89,87,9,41,70,86,71,10,88,5,27,47,83,11,86,30,78,52,10,5,71,90,65,60,11,15,49,86,48,9,67,83,18,75,19,53
40,14,92,60,67,44,13,15,76,97,31,39,44,83,52,63,10,26,76,34,15,42,73,35,6,80,5,56,82,84,9,15,9,49,82,98,42,66,7,68,77,47,84,49,95,10,88,87,75,53,9,7,16,31,67,31,58,64,54,89,75
57,59,69,44,95,16,96,84,22,46,11,8,54,73,57,69,41,84,72,9,86,82,53,47,13,72,91,39,61,10,30,1,47,48,97,49,88,45,25,9,86,85,28,38,15,36,50,76,52,50,43,34,46,73,49,15,67,15,34,56,57
5,88,99,71,9,85,18,71,85,59,80,41,37,37,44,84,57,35,33,91,74,27,44,71,14,74,57,15,63,70,3,67,50,94,68,77,27,42,80,83,56,23,57,23,48,20,59,25,26,29,82,71,52,6,67,39,54,93,51,63,48
44,65,88,73,69,27,54,55,96,74,51,89,65,55,11,14,57,83,92,72,93,16,89,99,34,53,42,27,13,72,77,29,11,13,78,12,96,93,69,58,80,88,4,22,58,27,32,42,86,1,75,82,44,19,80,62,10,66,56,64,87
29,14,10,29,90,70,29,47,10,16,24,82,32,39,47,56,30,83,93,34,77,81,71,44,80,7,36,76,34,63,96,67,69,65,94,52,58,52,79,31,87,78,52,54,29,23,1,86,25,92,42,69,95,76,89,63,37,76,4,88,90
66,50,80,3,56,5,6,79,37,13,20,40,75,34,7,75,23,54,52,53,59,88,49,93,72,3,50,74,88,55,77,86,55,75,48,66,71,72,18,17,50,63,19,64,14,71,6,78,60,26,22,33,98,18,15,36,25,34,39,96,52
12,44,70,56,46,4,20,50,10,36,72,72,34,54,45,70,23,97,17,68,45,43,64,8,78,75,8,41,49,60,91,42,44,93,43,3,81,4,35,34,4,42,51,83,8,43,60,7,76,47,17,86,23,98,3,4,97,42,55,55,20
66,19,80,21,58,20,78,86,17,38,63,56,63,94,38,89,98,14,15,60,21,94,58,26,63,51,5,58,82,13,99,25,13,26,82,9,27,91,10,53,64,15,96,80,17,19,62,77,32,72,73,77,88,26,22,83,90,39,10,10,7
70,11,30,44,69,11,98,52,36,21,52,17,32,3,13,69,56,68,28,37,8,84,31,37,90,50,3,41,35,90,33,95,24,56,2,15,74,36,56,69,37,49,18,80,5,54,31,3,81,8,34,35,1,93,47,88,25,83,44,88,86
55,34,52,77,58,80,56,11,85,65,22,41,13,79,22,90,51,68,61,14,61,8,18,56,34,49,65,83,32,19,30,81,93,31,45,37,67,55,68,3,24,82,18,77,57,47,33,16,27,55,98,94,30,86,99,71,53,13,94,58,33
84,2,91,97,31,18,40,53,87,59,67,40,51,83,48,50,27,83,26,52,36,23,50,25,4,25,1,89,73,8,61,56,55,29,98,41,74,71,76,37,95,14,60,45,51,44,50,27,47,73,65,56,8,50,5,89,75,96,9,93,8
92,61,55,98,78,77,58,76,29,76,98,68,96,86,35,43,12,58,14,15,55,17,15,9,28,92,20,94,79,39,69,81,81,69,7,39,6,60,71,48,80,95,32,22,24,65,90,35,96,34,55,85,73,13,4,42,92,93,66,84,86
47,21,29,89,60,90,63,45,51,61,16,66,94,68,76,30,22,45,94,33,75,55,15,19,69,79,75,35,78,19,23,72,22,31,19,26,48,62,97,9,68,8,79,53,4,16,94,69,29,25,67,81,45,87,67,82,78,50,40,41,38
62,5,24,66,92,64,58,45,39,97,30,32,45,41,24,9,23,90,9,69,34,45,65,55,85,74,47,83,1,64,86,1,52,43,85,45,89,13,48,29,54,99,90,18,64,42,85,95,30,37,69,78,79,60,36,36,64,33,16,46,16
20,13,43,64,8,78,4,21,43,6,63,53,24,35,32,31,42,29,75,31,93,10,49,38,58,58,32,16,94,79,96,83,24,14,69,90,88,91,26,92,33,86,84,63,87,90,80,31,12,95,62,59,33,37,38,57,50,68,82,96,54
25,89,13,65,76,47,77,66,73,15,45,18,31,38,8,50,99,34,99,60,5,74,38,32,75,27,55,6,92,39,5,15,4,1,16,27,98,61,42,58,4,65,45,65,35,37,82,81,17,95,72,63,27,79,88,21,20,17,24,47,65
97,38,41,46,58,8,25,84,89,79,70,68,15,41,28,22,73,43,69,63,13,8,67,75,56,85,35,18,24,92,51,55,1,96,75,38,43,29,86,63,52,46,62,34,37,45,48,65,35,62,61,67,99,51,11,10,53,33,46,92,87
43,86,40,88,79,8,70,47,58,13,87,85,15,97,78,34,97,46,67,21,72,95,96,75,45,79,51,28,37,63,48,79,84,1,81,66,38,29,4,4,33,54,4,2,71,10,90,64,96,84,43,69,43,6,69,31,5,5,31,79,22
17,53,11,55,63,75,47,24,9,47,15,94,25,6,21,90,19,60,21,63,61,87,29,42,37,40,2,7,14,56,20,71,89,25,10,60,46,25,78,68,54,13,9,60,59,93,4,57,25,90,46,76,84,97,66,32,34,58,49,88,20
38,20,5,86,28,32,61,36,86,80,52,43,72,92,97,43,1,41,56,74,85,9,17,26,66,36,28,76,1,8,6,41,71,27,4,3,10,41,56,39,15,79,79,49,21,93,41,10,29,46,49,7,63,76,84,9,15,6,59,35,15
29,24,26,44,79,8,41,54,62,28,21,16,70,8,50,42,8,39,79,60,25,40,32,17,78,25,24,15,48,94,26,98,70,26,86,86,82,54,35,24,86,21,86,11,82,39,8,47,46,49,97,50,56,50,75,47,31,15,41,51,96
2,57,62,97,92,88,27,40,93,80,49,11,70,7,99,95,3,12,48,28,60,39,16,1,51,51,72,55,14,70,12,49,26,52,45,10,97,64,97,45,19,99,95,20,75,63,23,9,98,77,30,63,18,12,42,36,4,84,11,59,75
1,71,99,55,77,83,32,8,15,83,53,57,27,69,71,88,5,29,16,89,54,38,25,50,89,24,61,19,21,90,50,89,5,95,75,98,98,70,61,31,46,70,76,24,30,12,46,14,44,15,38,80,93,77,40,36,77,3,82,86,54
46,78,27,95,93,41,22,37,94,83,37,20,24,43,3,34,97,88,66,40,74,19,71,80,24,84,37,96,69,7,48,42,93,48,4,80,15,19,73,69,37,15,78,61,39,17,7,31,30,32,42,78,2,2,89,57,65,73,41,74,15
15,23,10,76,86,76,42,48,75,69,29,63,31,27,40,61,65,12,42,40,20,67,54,64,97,18,72,30,58,47,57,8,11,13,39,65,23,57,37,9,24,83,80,36,87,56,29,59,84,62,57,40,40,61,91,23,57,17,56,89,29
5,84,53,41,73,41,94,40,33,95,65,42,93,69,73,57,15,67,31,59,92,19,79,56,31,5,95,69,57,50,98,10,38,82,6,63,28,98,27,16,86,85,7,34,24,75,13,99,21,41,93,24,61,94,73,18,84,34,65,76,51
88,52,58,61,35,94,88,90,98,87,99,16,1,73,57,73,58,75,23,5,91,88,29,78,68,79,64,16,7,91,47,60,69,13,74,71,1,33,34,85,94,60,23,50,76,86,7,31,97,17,80,44,62,95,92,19,8,57,38,75,86
21,16,42,25,17,72,67,41,33,26,47,55,56,97,40,14,37,54,37,87,99,93,67,85,12,33,1,91,29,22,34,38,75,83,52,6,21,15,54,30,92,40,80,18,32,5,89,55,4,77,11,61,27,89,93,7,85,94,42,74,23
62,64,19,56,29,99,40,10,56,45,56,9,7,79,38,85,63,5,15,31,33,80,20,66,48,86,30,46,90,9,19,96,50,98,29,95,95,93,5,74,42,35,2,45,88,7,48,46,4,63,90,86,89,71,59,23,47,92,85,66,64
31,39,80,44,59,90,80,50,36,90,16,15,84,92,8,80,75,14,56,51,28,28,32,72,58,45,52,34,70,66,66,38,97,50,89,72,18,25,90,14,10,67,54,32,11,55,43,65,60,65,54,64,92,1,73,3,71,63,89,99,43
62,8,28,31,93,7,86,65,22,29,66,86,29,62,6,41,65,61,50,29,4,54,15,1,13,32,43,5,52,9,52,42,33,8,12,24,27,33,83,22,45,50,48,36,80,8,40,21,23,56,9,16,36,3,2,4,50,66,77,77,56
48,8,56,30,39,6,93,28,50,74,7,81,21,57,40,15,77,27,25,69,42,1,20,16,9,27,79,3,36,26,87,46,37,94,19,72,54,49,88,79,68,8,72,38,46,68,39,78,48,78,61,79,35,18,88,45,92,33,58,43,20
32,72,88,26,38,82,13,49,5,99,24,52,64,51,25,1,56,23,69,66,38,14,9,56,44,99,65,5,75,64,52,52,46,29,52,93,73,89,18,23,80,13,39,15,31,6,25,85,43,23,88,84,60,17,43,30,20,52,99,17,77
23,70,90,31,74,41,37,77,79,11,20,64,96,83,22,74,41,95,95,51,91,82,19,59,20,39,92,44,45,43,65,31,17,52,6,35,1,40,79,34,35,8,98,59,12,19,55,37,56,83,70,89,54,29,6,79,44,63,37,90,3
35,11,93,11,64,84,42,2,42,47,80,64,3,50,45,67,46,33,29,31,83,11,25,4,72,31,8,3,89,61,99,7,44,39,19,44,77,52,98,60,22,16,46,18,45,14,27,73,88,83,35,48,35,39,65,67,65,36,70,80,64
62,65,27,83,73,46,66,41,45,15,87,70,60,18,73,31,51,91,18,24,47,99,51,15,18,38,87,33,76,18,95,85,5,33,20,1,21,16,26,7,16,2,77,98,95,55,67,34,4,70,13,25,5,66,31,57,60,43,77,96,96
61,16,3,4,40,66,28,94,91,27,14,71,37,38,4,29,16,32,82,38,13,63,72,98,77,2,2,19,37,61,35,74,10,75,18,34,52,53,36,2,35,62,17,12,27,33,52,70,58,8,94,98,42,40,73,68,14,41,91,11,30
67,50,25,48,97,79,52,80,65,97,97,86,66,9,13,46,40,85,76,37,97,3,59,14,92,10,77,91,65,78,64,86,76,75,19,44,47,13,4,95,86,10,50,75,39,45,23,19,2,53,81,98,64,47,72,43,21,4,69,66,31
74,71,32,53,65,68,33,46,77,89,66,7,99,52,18,58,59,51,70,2,54,77,93,86,8,4,22,97,51,93,85,12,32,82,9,59,16,35,47,86,82,14,15,75,6,52,80,6,59,40,67,16,72,91,37,42,72,40,4,87,66
28,22,32,51,34,3,74,33,94,54,83,75,64,99,62,3,31,24,78,4,60,20,28,89,85,60,75,78,88,47,39,18,21,53,50,15,92,22,87,10,76,14,93,91,8,30,17,44,13,46,20,88,63,83,62,21,41,14,63,97,18
6,18,59,21,63,82,30,38,61,46,45,5,2,54,74,92,44,76,12,88,59,85,33,5,89,96,85,3,94,26,45,47,34,40,40,3,7,21,61,72,16,98,16,42,58,66,84,94,33,33,57,23,57,45,4,43,87,69,97,88,31
27,81,91,76,4,45,67,73,83,93,17,99,82,8,32,42,73,16,60,49,95,98,64,36,47,58,63,89,96,72,44,75,61,90,30,49,44,45,53,58,75,12,21,7,9,83,17,63,2,88,27,25,24,35,18,66,29,12,15,75,2
95,99,5,96,30,6,47,28,79,89,63,52,7,75,15,33,20,24,60,34,85,98,85,47,93,45,88,9,71,7,9,21,40,63,97,76,20,44,15,48,37,93,8,19,33,8,18,59,82,7,32,74,23,55,15,7,70,51,47,85,80
25,43,87,15,61,10,93,55,70,2,41,67,62,56,14,54,62,19,80,99,74,97,93,25,66,91,28,97,32,35,81,73,93,23,75,58,52,71,5,89,1,23,91,94,19,62,48,50,91,18,61,62,90,1,18,77,99,61,59,42,9
62,80,28,19,25,35,56,5,91,99,58,75,81,9,65,16,42,50,81,93,1,16,44,60,73,97,30,55,49,40,47,29,64,46,16,31,3,65,44,9,2,62,62,22,81,56,28,94,76,40,14,9,66,51,25,56,86,78,38,39,3
46,14,94,68,40,91,97,59,46,30,63,10,60,86,40,59,18,54,7,49,9,93,49,52,46,36,27,12,44,91,5,71,52,40,96,74,24,77,45,4,46,14,35,49,54,24,86,11,31,49,54,9,63,23,7,36,1,84,88,76,39
9,18,36,28,46,59,41,96,15,28,91,17,62,14,2,60,54,95,49,98,78,70,86,46,21,45,91,21,8,94,54,96,73,14,35,43,97,18,14,22,20,39,27,83,48,87,45,45,36,74,50,65,4,89,46,91,71,38,52,36,54
52,98,62,42,38,20,9,4,56,16,72,53,7,20,22,29,65,69,98,68,81,2,61,14,43,38,99,10,7,3,48,50,84,33,75,18,2,83,7,11,11,13,94,91,42,95,38,4,76,1,48,63,2,66,9,93,68,33,86,84,93
37,4,71,80,95,76,82,45,9,79,84,75,82,15,14,11,40,94,94,58,36,79,1,40,57,31,26,64,75,98,14,1,82,18,23,25,40,34,40,52,90,37,64,73,55,24,48,14,51,75,90,38,29,84,7,25,43,38,51,80,23
62,68,82,38,32,8,26,91,30,35,68,7,10,78,61,71,82,43,89,11,73,22,42,47,80,42,75,85,39,66,38,22,51,1,35,64,17,43,79,63,65,20,67,60,67,39,89,15,80,86,63,7,36,68,53,91,67,88,77,35,15

The initial sequence dependent setup time of each job processed on machine 6.
(Where rows denote jobs: 1 to 60 and columns denote jobs: 0 to 60.For example:The value of Sijk is in row j,column i+1.)
87,72,39,38,41,13,9,56,67,68,35,49,6,66,26,75,62,74,18,1,7,94,36,88,64,39,22,14,74,53,38,98,20,14,33,39,55,6,61,10,41,68,30,36,97,11,24,83,43,6,31,54,80,93,51,15,85,16,10,36,23
74,74,50,83,5,53,98,55,13,27,45,59,94,83,31,97,30,27,68,10,8,58,90,38,29,25,72,23,50,82,59,67,31,19,92,4,91,77,40,58,72,1,86,76,25,55,93,3,5,4,22,58,71,40,63,86,8,65,17,92,91
95,58,72,44,32,80,54,4,56,80,76,76,15,82,54,56,63,28,95,32,63,55,63,66,92,43,73,80,16,99,62,10,84,81,65,73,65,49,49,86,38,2,29,6,93,2,45,81,4,1,41,52,63,85,75,67,68,51,61,51,50
64,73,42,13,26,96,15,19,87,4,26,84,59,30,46,1,56,72,95,72,23,74,66,52,63,17,21,54,42,7,74,2,90,85,25,88,36,54,18,68,1,2,24,73,44,18,21,8,72,60,52,44,52,8,49,53,57,95,27,13,27
83,35,77,21,2,38,39,34,63,54,31,15,96,13,10,17,45,59,24,81,11,52,97,25,42,35,25,19,12,47,47,44,80,28,71,21,27,57,90,33,22,45,22,7,69,3,90,74,86,65,7,16,65,38,46,52,71,90,6,1,97
66,84,87,64,40,66,66,65,60,8,47,66,33,43,71,61,30,95,80,51,59,99,92,6,69,67,49,12,60,86,62,19,19,9,91,30,53,76,71,45,27,62,30,14,75,2,47,58,18,25,2,43,7,74,8,67,34,95,85,19,67
50,43,61,42,27,71,72,60,9,84,37,64,12,68,12,99,17,89,53,50,58,16,72,20,2,35,25,49,79,56,22,80,3,85,64,17,94,86,13,22,21,26,58,95,25,13,3,18,76,31,91,49,78,98,57,19,81,1,60,19,52
88,64,97,16,32,80,86,46,23,68,34,70,8,47,37,37,93,60,82,24,94,23,7,79,79,44,2,84,16,53,51,95,10,87,73,95,36,62,14,66,44,48,51,7,21,16,39,45,75,17,48,10,40,40,41,98,13,55,48,13,32
68,65,38,66,18,61,25,43,42,57,46,2,46,2,84,88,85,2,10,19,99,55,56,11,16,34,68,7,65,37,23,78,40,7,4,74,67,37,80,45,96,29,65,13,28,30,77,43,82,67,83,43,64,46,73,58,77,73,75,22,9
64,35,67,61,6,49,16,88,56,94,9,59,97,44,42,90,52,11,72,68,93,93,87,48,38,72,17,56,18,39,85,71,89,97,21,66,98,51,33,1,62,6,77,32,25,27,87,29,44,73,48,27,7,68,55,46,80,3,63,16,27
74,32,37,49,61,20,99,6,50,38,83,38,79,11,58,75,23,77,34,77,22,47,71,16,90,55,56,53,77,12,92,9,5,82,88,83,46,9,1,22,78,25,76,43,94,76,48,58,82,71,89,97,61,50,92,56,89,45,61,13,97
79,62,57,30,93,6,4,72,48,44,64,82,70,75,94,89,83,82,88,19,56,92,81,56,60,10,79,22,88,85,4,51,68,41,56,95,25,95,63,79,69,13,95,41,56,46,22,48,6,68,3,58,29,68,26,33,26,84,28,96,16
74,51,28,95,69,24,8,39,11,37,49,43,37,33,40,82,65,5,76,96,5,28,94,44,8,31,85,44,31,8,92,62,22,14,30,17,85,33,62,80,41,22,90,97,3,51,27,35,73,6,62,79,44,71,58,57,79,93,10,35,51
44,9,29,56,40,76,8,89,91,62,97,53,70,90,23,13,12,15,84,74,56,95,16,46,60,32,61,81,94,45,76,75,64,69,69,75,66,8,91,6,43,79,47,92,69,51,10,4,38,30,90,7,9,7,86,91,22,90,78,70,14
4,64,58,90,9,85,79,81,74,8,25,72,19,6,7,8,25,91,48,94,94,69,81,95,43,79,48,95,36,44,5,25,26,59,84,23,46,90,59,54,88,88,76,85,21,50,16,44,34,80,89,11,85,51,86,64,24,82,74,37,25
86,1,3,76,25,40,29,51,66,50,13,97,4,4,48,94,39,35,9,49,20,5,8,80,67,8,49,70,41,30,91,32,86,34,91,13,15,17,3,36,96,16,6,2,67,79,94,25,52,50,2,20,6,42,41,44,84,93,87,99,61
91,18,19,78,83,81,19,73,16,40,76,63,70,45,31,23,90,65,27,57,82,24,7,69,49,50,8,27,67,55,15,91,82,80,16,83,30,88,73,18,77,78,97,87,17,80,5,94,75,7,74,26,70,43,87,35,90,6,88,95,61
82,40,10,90,41,85,63,32,34,33,83,37,43,24,43,16,99,57,75,30,80,12,43,75,74,87,71,23,24,42,58,8,62,41,29,19,72,5,21,34,45,12,17,46,9,47,22,36,6,59,93,71,71,68,47,41,8,71,42,94,92
22,99,65,60,92,5,90,40,32,42,95,54,3,37,56,85,20,80,49,5,81,2,89,27,59,24,89,43,83,99,61,6,8,31,11,98,15,47,44,42,9,63,98,30,15,15,79,66,54,84,85,63,85,40,80,42,67,57,43,75,52
1,61,59,76,12,12,63,19,41,58,67,28,92,24,55,6,10,10,45,22,78,78,87,40,3,43,72,21,78,54,88,2,93,73,49,79,28,6,89,32,49,86,77,81,18,46,79,35,9,48,32,37,62,77,71,26,81,8,32,62,62
45,82,8,16,25,83,50,64,75,86,87,70,69,78,22,87,76,98,59,23,11,5,17,83,58,18,37,87,88,90,87,23,64,88,37,60,41,15,57,4,49,10,63,65,83,56,13,99,36,57,42,55,79,12,71,33,74,34,50,33,53
62,24,85,71,12,70,41,69,84,87,22,21,7,92,3,82,3,45,73,21,75,17,57,85,20,4,81,35,83,41,7,80,61,13,32,22,77,97,57,95,90,35,65,92,44,33,5,82,64,6,13,36,64,22,84,7,24,99,16,22,54
16,27,61,65,60,10,64,86,92,92,59,26,13,34,17,48,22,49,55,50,23,77,36,62,82,20,88,19,88,38,29,44,7,48,77,70,75,38,77,14,17,82,23,19,55,31,41,92,68,7,79,41,20,59,82,65,36,28,34,56,88
40,73,2,59,59,37,18,50,31,63,72,83,81,93,77,29,78,79,36,78,48,70,31,25,47,93,41,4,59,13,6,76,21,80,61,67,25,87,88,64,16,31,74,86,40,62,72,24,38,15,37,87,67,20,88,56,28,44,11,61,79
82,30,84,28,21,87,98,29,65,57,53,97,38,3,98,53,79,94,76,59,84,83,15,10,46,5,31,51,98,51,17,33,96,30,78,29,62,63,23,86,1,31,51,33,56,44,3,96,93,85,81,4,96,40,7,89,64,65,40,67,85
13,30,51,37,71,67,78,69,52,59,91,67,21,56,60,73,22,72,54,84,68,47,56,39,58,64,78,64,57,1,6,34,67,50,35,79,55,47,60,49,83,21,9,92,11,78,69,81,27,42,43,13,64,7,63,87,39,95,41,33,13
41,33,97,23,65,79,10,51,84,25,64,17,28,60,77,17,3,56,93,66,65,87,95,73,14,29,55,95,89,34,8,72,77,33,39,40,44,77,97,47,27,5,89,39,47,71,16,56,32,85,12,73,66,64,73,47,37,1,4,18,95
76,40,42,33,84,55,76,44,25,12,87,41,10,46,13,4,85,15,57,96,61,16,92,63,1,61,91,20,26,98,68,21,86,37,67,33,13,96,4,12,91,82,65,58,21,53,72,72,40,42,69,9,23,26,11,37,12,66,11,55,87
76,18,97,56,36,20,75,74,13,12,39,50,39,57,79,28,72,74,19,22,95,60,84,79,20,66,26,6,77,25,38,13,11,8,22,19,59,80,30,33,94,21,7,3,49,24,64,93,17,62,35,35,39,29,57,43,87,2,16,94,38
62,48,74,24,84,36,85,17,70,74,7,35,42,44,50,3,82,10,87,35,44,3,96,1,2,77,7,76,68,36,80,4,13,46,35,90,94,44,7,22,77,99,60,8,50,13,87,58,86,28,53,10,84,68,47,66,91,42,5,42,6
85,69,91,27,11,44,63,14,7,70,83,57,60,49,17,17,20,1,41,96,23,81,9,6,31,12,79,56,36,22,59,48,44,9,28,6,94,87,10,69,7,79,44,74,58,70,52,76,57,79,65,56,64,86,76,30,4,25,12,74,1
99,10,42,67,26,72,36,36,78,10,26,19,4,20,87,85,69,3,89,70,1,59,5,97,5,99,78,76,36,69,24,40,81,4,63,26,95,42,68,85,53,18,15,60,4,13,99,92,30,39,2,40,58,30,65,36,82,62,93,95,63
90,96,53,7,81,50,84,16,38,42,99,17,51,87,3,48,98,93,97,20,38,79,24,68,77,84,9,74,4,94,69,97,34,19,40,19,56,81,59,40,71,19,24,31,69,74,9,35,57,79,88,15,16,93,38,84,55,71,30,48,51
45,28,30,30,30,82,99,27,27,72,47,38,27,33,45,8,70,5,68,72,75,43,70,51,39,19,49,9,28,15,67,98,81,35,6,93,81,20,48,11,53,21,3,82,26,14,50,84,96,15,55,1,78,7,70,27,77,71,4,16,30
59,45,52,92,60,12,29,67,5,86,82,21,41,62,71,94,20,92,82,30,50,95,13,48,8,84,56,22,12,17,12,60,81,1,30,29,93,63,46,21,38,86,70,67,89,27,97,76,95,92,18,53,24,52,22,45,28,88,36,41,20
14,60,53,40,59,48,30,61,33,86,81,60,44,55,58,79,58,99,48,18,2,2,98,9,62,75,2,14,77,49,65,13,90,23,72,42,21,46,31,72,72,37,98,52,10,52,35,12,60,15,54,61,54,18,98,5,83,14,73,76,8
27,99,68,71,24,51,69,2,99,34,19,33,90,6,61,87,38,61,93,3,52,53,94,32,89,77,31,15,12,97,54,52,53,92,78,86,98,68,4,23,99,1,59,23,2,71,99,99,50,58,32,63,79,33,78,78,9,33,34,12,80
20,47,44,67,82,85,20,99,10,80,50,67,58,16,44,14,13,70,43,18,63,49,96,78,4,89,30,4,42,57,27,66,66,10,38,87,83,76,52,53,53,51,94,44,94,26,91,9,14,70,75,45,34,22,36,76,88,11,50,12,94
98,18,72,49,75,49,47,63,18,22,95,78,95,45,27,16,75,21,24,59,36,45,64,23,65,77,85,91,92,1,56,41,72,14,11,3,54,31,88,46,24,11,35,64,67,93,37,63,59,67,45,97,43,77,3,98,36,88,54,67,45
99,42,42,27,85,36,41,90,56,8,85,86,66,81,1,90,65,2,17,31,96,59,20,31,51,91,75,4,76,69,87,75,21,41,88,30,17,19,73,10,90,44,85,56,74,30,55,50,85,81,78,74,35,2,62,59,67,69,45,38,68
16,3,36,92,97,75,40,6,96,47,61,85,15,24,3,39,72,58,34,52,48,1,93,90,58,31,38,22,75,45,35,25,96,22,89,81,81,2,62,64,7,20,81,54,34,62,57,15,85,79,12,14,96,36,77,81,31,67,76,40,61
3,98,3,17,1,50,4,50,24,27,30,27,49,84,14,71,52,43,74,20,47,26,10,14,6,47,58,74,35,57,93,25,73,69,22,14,1,35,31,76,29,93,67,35,79,5,26,7,15,42,4,23,44,39,54,72,93,16,71,82,22
73,11,76,7,48,54,56,10,11,15,75,15,42,99,75,18,45,65,7,20,77,74,95,4,96,62,9,41,31,11,63,74,6,91,13,31,35,85,93,73,40,73,90,33,56,61,91,55,85,61,37,55,38,31,26,82,97,5,76,87,66
79,47,42,81,79,2,26,60,3,24,17,88,26,96,2,54,1,6,34,15,26,95,77,58,35,1,93,2,26,3,62,78,40,41,80,60,26,9,30,6,47,79,42,89,95,85,79,40,94,9,58,77,70,70,39,69,5,25,56,42,59
36,10,69,57,49,98,6,33,50,18,50,57,20,98,45,31,55,85,89,42,46,76,82,47,40,80,21,10,88,99,78,85,42,26,63,18,90,85,85,40,85,78,8,28,6,12,20,34,68,25,80,47,24,22,54,89,93,17,24,32,38
5,92,63,44,51,88,27,89,66,26,5,10,51,98,3,71,54,1,27,1,3,4,67,44,17,95,84,42,36,93,8,98,24,67,92,20,9,17,78,87,91,62,43,32,70,20,39,5,59,62,32,10,18,97,41,33,92,77,61,92,14
50,93,28,67,12,63,61,56,51,8,93,57,18,76,95,8,60,52,57,91,53,84,47,36,80,29,80,53,76,68,49,13,92,96,56,27,20,92,91,25,37,46,4,82,6,1,36,61,9,10,6,3,87,17,60,51,77,43,90,93,7
26,45,40,73,93,54,74,67,71,15,94,88,69,10,67,90,26,84,74,87,82,44,50,49,87,28,6,75,12,5,39,24,8,80,79,88,52,10,27,63,4,70,47,32,72,9,53,13,25,60,4,18,73,91,60,43,75,2,38,43,46
93,71,32,67,22,99,9,49,5,17,96,77,73,63,93,86,65,94,6,28,95,53,79,37,38,46,31,56,37,78,75,21,11,2,66,10,98,6,53,51,5,29,54,97,78,13,40,8,76,84,27,2,55,77,71,46,34,86,18,33,31
94,69,89,15,7,68,21,6,32,97,39,87,77,16,30,62,1,56,40,88,59,79,87,75,84,46,39,31,30,89,47,83,43,44,42,87,9,23,51,39,67,82,85,28,65,61,3,88,3,56,91,16,21,76,1,70,82,73,4,23,69
34,11,67,81,69,55,34,4,60,82,73,1,26,12,45,18,14,17,73,23,48,77,69,22,93,70,73,70,72,41,51,5,75,41,34,3,72,92,68,42,30,1,19,9,64,82,1,75,86,97,89,77,57,31,77,13,30,44,76,9,99
73,58,92,42,24,32,5,13,53,2,9,79,38,96,61,14,31,92,21,17,40,27,83,14,35,55,13,59,84,86,64,22,37,13,72,65,48,92,89,80,9,43,22,72,89,1,85,76,37,46,25,31,35,47,40,71,53,58,89,55,61
41,28,70,43,58,76,87,36,14,50,90,92,77,92,76,56,53,59,79,45,77,65,95,35,19,96,72,93,17,45,96,47,49,41,22,42,9,77,32,60,90,94,23,81,86,55,73,11,45,65,18,30,60,68,38,77,95,71,90,66,55
14,30,12,79,3,19,8,36,30,96,24,98,99,93,57,78,76,29,95,18,40,13,11,8,17,33,7,38,83,24,8,99,27,72,14,26,94,71,6,46,96,1,11,63,58,42,58,10,50,51,10,74,83,73,7,83,34,34,60,21,80
50,82,90,42,62,83,52,74,63,38,67,72,7,79,40,58,81,5,16,27,78,49,29,12,16,98,32,52,20,22,41,7,83,1,35,36,56,37,58,98,75,94,78,71,80,41,2,47,41,27,2,85,20,96,12,23,32,99,24,85,37
94,57,11,36,41,20,36,95,15,44,17,19,23,65,97,82,11,87,39,11,60,80,19,81,28,92,66,83,49,46,58,37,32,21,9,98,3,43,64,26,28,46,37,11,70,19,97,43,99,92,54,78,80,20,61,65,43,26,65,89,4
46,78,29,46,26,88,43,62,30,80,80,15,46,45,58,70,89,78,97,65,40,94,12,70,56,61,50,23,41,87,29,79,97,5,92,35,33,9,70,11,57,59,38,56,61,97,72,21,8,28,36,25,83,51,7,66,33,93,67,43,6
66,44,82,1,74,85,80,52,92,92,94,12,15,78,42,47,79,64,6,79,50,5,18,30,56,73,85,47,35,23,96,97,15,23,97,70,35,24,52,7,28,21,6,30,44,97,33,13,90,84,94,5,6,45,16,84,26,58,10,73,1
17,70,75,40,52,81,48,52,18,89,88,94,10,29,36,17,61,74,30,60,76,81,83,49,89,8,98,45,68,75,36,51,52,81,34,86,56,63,47,21,14,34,47,72,55,45,10,96,74,3,71,57,28,32,69,80,39,2,55,65,53
65,16,51,54,69,84,18,5,88,54,38,53,15,2,5,85,42,29,72,11,21,83,20,77,42,89,96,22,39,30,34,24,24,17,11,63,44,83,82,86,4,28,98,60,74,77,83,21,27,13,73,94,87,39,85,76,68,61,90,15,1

