The number of jobs:
40

The number of machines:
8

The number of workers:
3

The processing power of each machine:
(Where columns denote machines: 1 to 8.)
8,18,18,16,11,15,13,19

The idle power of each machine:
(Where columns denote machines: 1 to 8.)
4,3,8,8,2,7,7,9

The initial coefficient of each worker on each machine:
(Where rows denote workers: 1 to 3 and columns denote machines: 1 to 8.)
1.5,1.5,1,0.75,0.5,1.25,1.25,0.75
1,1.25,1.25,0.75,1,1.25,0.75,0.75
0.5,1.25,0.5,0.75,0.5,0.75,1.5,0.5

The basic processing time of jobs processed on different machines:
(Where rows denote jobs: 1 to 40 and columns denote machines: 1 to 8.)
36,60,59,74,46,70,10,88
16,50,13,32,53,73,36,25
43,29,26,40,8,24,19,42
90,72,35,2,10,84,12,89
21,8,48,13,41,55,2,91
79,5,52,51,94,89,57,64
10,12,57,19,4,30,66,30
33,8,22,11,28,64,79,16
22,22,77,32,80,11,95,13
91,87,38,94,41,69,84,33
75,5,5,48,64,37,65,59
1,99,68,28,8,36,54,28
15,42,45,70,67,32,13,15
69,75,6,50,57,74,45,98
1,55,18,19,29,13,2,37
66,21,21,36,65,89,6,62
5,78,52,99,27,24,46,16
26,21,56,64,83,19,74,89
72,46,38,54,11,86,81,47
9,12,61,42,30,32,68,58
35,72,75,73,49,36,85,44
61,88,33,4,25,95,85,28
39,67,15,7,22,20,4,20
5,47,89,24,98,11,40,37
73,65,91,39,33,66,88,9
47,63,81,37,91,81,28,26
31,60,99,95,24,92,86,66
68,94,35,30,19,32,55,69
31,96,65,77,46,34,55,20
70,99,47,36,45,27,5,47
2,17,26,22,1,10,57,36
9,49,92,4,19,2,30,15
52,44,49,72,15,9,98,84
56,20,21,67,22,83,93,37
95,91,55,68,90,69,28,60
58,34,64,54,26,7,18,14
41,70,3,39,39,46,50,34
79,26,18,6,44,54,66,79
23,93,77,88,92,72,68,44
15,78,62,34,3,90,75,24

The initial sequence dependent setup time of each job processed on machine 1.
(Where rows denote jobs: 1 to 40 and columns denote jobs: 0 to 40.For example:The value of Sijk is in row j,column i+1.)
4,77,82,61,15,89,38,32,45,95,48,39,76,17,91,8,72,14,66,49,3,76,94,89,56,96,89,68,21,70,2,25,33,86,12,31,74,80,99,80,55
96,49,61,73,20,76,31,61,53,16,64,97,62,84,63,34,2,24,51,93,21,35,26,12,98,44,16,80,32,58,78,16,61,76,95,22,84,58,89,22,3
6,93,20,50,76,81,96,37,50,36,63,61,12,62,44,3,34,48,90,65,93,46,30,98,39,72,85,85,28,45,34,87,32,39,81,96,73,43,70,53,59
25,63,76,5,59,69,52,26,21,40,20,57,40,58,43,44,30,8,76,87,39,35,67,13,55,92,13,76,14,99,85,38,85,98,55,5,6,14,99,79,89
49,63,28,50,81,1,31,42,85,76,15,85,63,98,75,95,88,82,92,44,50,7,96,56,22,92,76,78,82,72,36,7,99,12,43,78,4,10,71,8,84
80,44,98,53,56,58,73,89,73,46,27,16,92,71,56,13,58,9,87,99,92,81,82,23,5,5,56,95,10,79,16,25,93,29,4,75,29,75,1,98,48
27,4,2,10,72,30,88,16,59,69,35,95,94,77,11,33,4,39,14,67,63,17,89,49,45,80,37,86,38,94,84,18,9,40,46,93,44,99,89,74,47
91,70,63,79,37,20,48,78,25,2,9,74,80,9,26,99,19,90,61,96,8,55,72,58,86,24,81,16,67,43,72,74,31,18,37,32,46,14,29,39,40
39,72,81,53,16,43,41,49,83,23,10,11,66,12,79,57,55,75,60,77,29,75,76,7,70,36,31,42,51,53,15,56,4,34,50,43,37,4,7,29,88
15,67,91,60,35,21,82,8,73,36,58,81,62,19,25,53,85,82,64,96,23,57,42,96,18,10,57,42,75,24,10,43,18,18,81,58,57,8,80,7,66
56,77,61,42,70,87,44,36,71,22,17,1,35,93,95,52,10,90,20,62,24,94,55,85,33,40,27,79,78,47,39,62,26,86,98,65,39,66,45,96,7
30,16,37,75,18,69,98,61,9,92,69,26,19,85,29,83,19,78,90,52,1,14,24,25,31,32,28,84,30,51,78,26,74,86,98,97,11,48,61,23,55
43,92,35,28,9,49,7,46,33,1,86,69,73,77,86,38,60,76,75,34,90,7,94,96,65,66,37,74,5,57,47,27,23,85,80,63,91,85,64,64,38
60,80,74,33,83,15,98,67,19,17,18,36,60,25,98,18,42,51,58,19,5,30,83,64,29,38,32,67,53,48,13,8,12,96,26,19,6,38,74,19,43
43,41,10,72,23,72,85,93,67,50,55,95,76,74,17,24,83,25,11,72,21,41,96,19,52,71,37,31,79,88,21,93,94,90,60,23,68,81,63,35,30
63,49,23,17,98,21,50,20,22,27,86,90,37,48,85,96,77,11,58,31,32,87,73,32,89,86,57,88,23,63,60,49,58,44,8,92,16,70,19,49,74
69,38,75,96,98,31,15,77,15,47,19,71,50,26,82,60,8,25,46,38,1,35,2,9,26,79,28,24,2,23,12,85,75,80,23,91,4,5,52,60,50
41,42,85,67,15,55,8,96,17,67,80,33,48,39,80,62,75,81,95,12,39,11,47,99,77,69,98,65,64,4,32,27,49,6,58,17,35,88,98,30,46
63,48,46,95,80,3,80,95,27,55,74,2,43,82,3,16,40,63,66,87,95,69,67,30,50,87,86,20,59,22,18,18,35,19,20,73,86,46,23,63,85
51,88,52,52,50,76,88,71,41,24,80,26,43,57,63,43,48,32,3,32,10,63,14,51,67,79,6,21,19,96,4,16,82,71,35,44,71,29,58,61,28
79,40,72,83,67,43,91,53,44,65,90,48,10,71,73,28,8,54,42,65,92,26,56,71,98,49,21,87,36,85,47,23,73,10,46,4,44,2,29,88,98
11,50,16,80,59,20,58,44,18,84,61,94,29,89,96,62,85,53,78,70,99,21,42,57,18,21,48,18,92,45,10,94,88,7,98,23,89,33,54,21,69
67,62,55,68,26,82,97,2,41,1,32,82,9,98,54,99,33,27,85,91,4,75,94,54,83,6,39,50,60,33,40,36,95,47,33,75,22,51,86,30,72
62,1,12,80,76,83,46,19,35,89,54,41,15,44,40,36,75,92,41,25,20,49,50,25,90,74,87,99,61,19,10,26,88,70,78,86,26,4,24,25,9
44,83,84,23,73,84,56,27,29,90,34,94,84,92,23,76,97,25,20,96,67,80,73,32,82,44,97,89,66,54,47,97,45,89,7,82,50,90,36,59,30
6,43,75,25,33,38,83,17,92,34,40,34,3,87,57,14,9,13,20,97,10,28,17,93,72,81,76,78,92,64,67,4,63,70,74,15,22,16,21,89,73
65,66,69,16,75,44,38,97,33,32,93,68,58,22,44,76,51,62,60,92,59,35,99,34,97,47,24,76,19,42,96,50,67,90,38,28,65,22,37,39,2
17,75,61,26,93,34,88,21,40,20,73,65,67,91,22,52,28,18,11,56,6,26,18,44,18,34,11,54,36,70,61,52,36,9,12,94,70,26,39,12,57
48,62,39,96,55,74,66,88,5,34,55,72,33,28,9,40,15,94,55,3,4,62,95,56,94,36,77,56,86,27,50,44,74,47,51,38,80,20,14,72,76
4,47,92,42,11,14,61,64,74,72,73,37,22,7,24,64,53,11,67,19,83,28,2,1,65,72,30,52,86,5,39,6,62,72,26,87,98,53,51,52,89
85,41,3,61,48,17,14,31,84,75,7,63,38,44,94,20,58,52,84,28,39,24,1,10,52,36,24,42,86,54,60,11,66,89,94,7,86,81,37,42,51
42,66,71,83,66,56,9,37,7,37,33,12,44,17,28,17,5,80,57,61,3,61,51,57,56,85,37,15,58,43,54,18,37,99,78,33,95,98,90,29,82
16,1,37,81,20,79,52,38,75,52,4,27,46,26,31,78,45,52,55,42,92,76,99,74,41,18,55,91,77,22,53,17,6,38,20,53,21,81,6,96,2
58,55,75,23,48,89,12,86,10,75,75,88,75,9,61,72,1,42,92,28,21,13,36,87,55,53,38,90,45,36,34,13,66,73,8,36,24,57,43,2,8
18,13,42,8,82,10,65,83,21,84,55,12,27,23,41,80,89,16,94,81,19,32,95,3,77,34,52,55,70,40,37,18,31,57,48,38,32,84,33,38,50
74,67,92,63,54,9,28,38,20,59,58,66,34,30,48,91,44,20,10,71,89,9,51,48,86,59,42,79,37,49,77,45,89,96,86,20,4,90,33,4,39
6,81,82,55,49,39,54,44,20,38,48,63,58,46,15,4,53,27,11,94,95,56,7,87,14,54,69,41,96,22,14,24,51,95,33,52,70,2,32,80,21
98,67,43,90,64,46,35,88,70,27,71,91,55,94,75,84,27,90,32,96,88,38,89,12,66,20,34,7,47,27,48,29,60,45,75,47,86,18,5,15,14
97,95,21,94,39,6,43,17,73,58,99,72,71,68,17,28,53,5,68,69,96,57,35,96,89,2,31,18,36,79,42,54,44,94,5,3,94,10,94,51,14
36,14,20,69,97,38,98,1,15,23,85,41,6,48,16,76,97,67,73,81,38,68,2,97,50,61,31,64,52,4,66,54,12,69,55,74,13,84,99,82,54

The initial sequence dependent setup time of each job processed on machine 2.
(Where rows denote jobs: 1 to 40 and columns denote jobs: 0 to 40.For example:The value of Sijk is in row j,column i+1.)
85,9,49,72,95,1,21,76,3,32,16,7,25,79,1,90,18,56,68,46,29,6,61,98,65,63,2,96,34,35,77,95,63,34,11,57,15,76,8,25,37
28,36,58,98,84,44,68,80,55,80,19,38,84,75,60,29,38,4,94,73,10,56,81,25,27,69,6,25,53,85,14,35,93,82,21,36,83,66,48,31,56
6,80,94,85,44,48,63,56,91,53,5,13,98,88,96,1,4,54,54,38,39,76,76,67,48,53,3,12,40,15,33,9,6,88,85,69,85,91,35,42,72
46,47,10,69,18,1,73,84,96,9,20,63,2,91,91,2,39,33,85,88,41,79,71,58,71,22,31,17,5,70,28,55,43,5,21,15,92,12,83,46,53
26,38,68,26,95,29,28,32,80,90,53,95,58,65,41,28,37,31,29,1,15,57,71,85,82,4,61,65,39,27,19,95,71,97,65,94,15,67,97,8,15
26,94,1,5,2,88,29,71,32,49,6,18,45,23,33,52,34,40,39,74,10,64,92,28,35,69,59,15,28,34,72,18,21,54,99,67,61,68,69,83,76
38,82,23,76,34,2,29,48,84,90,91,35,78,72,58,94,54,95,31,14,5,48,99,63,85,21,32,57,44,53,92,37,42,85,97,90,36,88,2,69,19
40,84,43,79,77,94,62,89,99,16,46,59,84,74,85,44,86,43,39,68,28,41,2,20,89,15,12,6,86,75,14,54,95,33,78,86,55,31,5,52,29
79,42,74,11,4,55,54,25,7,99,87,41,34,71,34,20,2,8,25,90,32,69,20,68,40,50,25,95,3,23,65,99,38,97,93,6,94,76,43,39,34
65,24,6,90,99,26,36,40,70,59,83,77,75,34,75,37,42,55,25,12,11,56,21,64,13,35,12,16,83,89,75,64,69,58,56,98,26,34,49,30,51
54,37,58,37,54,70,37,33,8,29,9,12,17,24,58,57,72,89,19,47,31,33,81,84,84,47,40,87,3,57,92,97,58,68,94,41,1,25,48,36,74
12,80,9,83,51,82,80,5,79,3,63,22,14,26,28,23,34,52,3,20,66,47,62,78,17,90,91,70,34,73,39,79,56,93,37,72,13,41,97,22,14
26,43,63,59,93,74,72,3,89,76,50,2,97,54,8,38,88,81,46,70,15,93,94,49,73,18,25,42,26,21,39,56,90,98,17,16,86,21,69,18,24
86,80,24,11,44,26,55,99,68,50,45,42,15,53,61,91,15,63,24,16,85,19,46,25,46,25,97,31,18,73,19,66,14,92,64,5,34,14,28,18,90
68,87,14,26,95,50,46,15,88,99,3,46,15,65,89,64,41,95,8,72,30,91,62,93,1,23,21,53,46,57,53,49,43,43,25,16,57,11,2,28,74
14,34,26,39,67,21,1,15,41,53,50,78,28,69,94,74,73,74,62,77,99,69,90,39,58,51,15,83,66,18,75,83,29,69,12,16,35,54,70,22,74
42,6,81,83,17,80,15,24,51,52,82,48,4,40,39,50,54,24,35,75,82,85,37,13,78,20,91,51,46,52,70,47,92,34,18,18,90,55,96,34,10
8,65,75,24,93,56,60,99,39,20,57,12,67,47,12,8,50,96,41,53,19,90,81,2,2,41,33,78,20,88,66,64,16,90,98,5,31,62,82,62,93
7,29,22,34,90,75,76,8,4,97,52,69,79,49,54,64,28,8,47,55,2,50,90,65,27,72,11,46,63,60,20,83,50,53,30,72,23,10,79,15,40
23,63,55,46,9,27,61,93,42,56,59,53,34,46,62,92,97,65,72,55,26,59,30,12,27,45,34,17,77,62,3,67,29,37,3,57,71,93,45,26,11
10,30,93,5,75,68,68,61,79,77,43,2,9,6,72,17,90,67,22,66,91,52,78,13,15,52,62,82,28,81,79,15,71,73,86,60,69,36,20,66,17
20,15,1,4,24,12,94,8,87,22,98,40,93,57,92,42,16,21,77,9,83,71,64,85,25,85,93,71,80,73,47,98,57,34,31,14,70,55,24,51,70
5,87,43,75,7,9,1,39,97,70,71,25,27,29,1,43,36,76,63,20,36,87,49,29,41,64,72,47,11,49,10,8,84,50,90,15,80,98,54,36,59
21,10,80,20,21,96,47,64,74,79,90,64,5,86,16,14,35,15,28,81,26,70,41,41,12,8,89,67,95,59,98,96,71,37,24,74,30,69,94,52,73
84,15,96,57,65,63,1,93,18,64,6,71,94,71,62,18,8,90,16,52,81,85,34,90,59,58,42,72,36,18,78,4,73,60,86,85,66,13,20,77,15
49,29,88,29,46,96,77,11,70,90,41,11,17,47,27,44,4,38,75,8,79,96,89,53,9,69,1,34,86,38,49,43,79,39,10,49,44,51,45,22,52
5,12,56,88,44,89,22,2,79,30,66,28,19,91,21,67,54,66,21,17,86,41,13,15,14,59,54,7,84,5,94,77,59,90,66,31,37,85,9,5,75
56,80,39,9,27,38,78,62,12,55,62,96,71,7,83,12,73,61,16,27,44,17,48,30,46,29,90,43,52,21,74,20,19,72,25,3,67,88,58,58,92
92,32,96,79,77,3,20,91,51,17,35,89,85,1,76,67,78,56,70,45,34,9,43,47,84,83,28,49,48,57,76,83,71,79,88,36,57,9,23,73,68
41,48,17,66,49,10,68,73,38,8,57,11,25,84,1,50,27,17,38,99,30,78,44,85,95,88,72,32,73,43,37,26,20,74,10,28,95,13,57,32,24
39,1,32,43,14,19,50,88,35,68,19,34,69,87,90,30,67,42,90,5,7,48,99,40,83,84,3,51,83,83,70,26,17,3,18,62,56,48,29,5,24
46,82,56,83,73,92,91,88,21,52,34,47,79,44,82,34,60,89,48,89,9,61,65,16,56,91,79,24,73,91,28,93,41,7,72,86,44,28,71,24,11
62,64,77,43,4,75,19,16,9,83,9,3,97,99,3,85,74,92,55,51,33,95,21,20,87,92,12,54,48,77,17,19,40,83,39,45,70,86,96,8,47
12,16,17,51,9,62,52,39,1,71,3,7,65,39,50,31,11,39,27,92,31,30,53,93,26,43,60,33,3,58,73,57,54,36,62,51,69,35,22,81,10
11,29,63,19,19,89,4,70,56,9,31,27,34,67,2,4,99,87,80,97,44,99,2,79,67,37,48,72,9,6,82,48,93,75,48,62,38,12,36,36,56
15,39,54,11,59,5,20,21,14,63,57,36,63,51,80,17,62,98,48,20,39,89,83,11,14,73,69,77,57,88,17,6,56,8,93,32,16,11,69,78,94
26,21,72,61,93,31,61,36,74,27,59,14,93,5,67,47,4,16,37,27,35,40,94,97,87,41,8,83,64,6,7,29,88,18,47,25,43,11,94,44,49
96,9,1,16,49,53,18,76,92,71,84,15,66,52,95,69,36,16,52,11,86,49,32,89,16,73,98,52,88,91,88,66,11,88,13,79,24,59,53,83,16
18,48,39,74,78,11,48,83,22,39,46,45,51,52,53,90,44,48,96,77,37,21,13,17,1,90,25,46,26,41,67,50,95,81,29,84,61,64,12,92,43
15,67,85,35,13,53,60,43,8,18,94,55,17,13,43,41,56,62,63,9,67,77,67,24,1,26,40,90,47,44,36,44,30,5,97,34,7,5,45,3,35

The initial sequence dependent setup time of each job processed on machine 3.
(Where rows denote jobs: 1 to 40 and columns denote jobs: 0 to 40.For example:The value of Sijk is in row j,column i+1.)
2,32,31,15,68,61,78,15,17,42,79,45,18,59,64,3,6,62,67,35,35,64,86,41,59,30,89,87,86,84,9,80,71,23,79,63,35,52,12,89,21
14,7,5,79,15,67,62,41,7,90,10,76,13,85,66,98,34,31,33,45,38,15,60,55,6,41,4,83,87,43,86,74,40,27,30,36,61,44,66,38,18
86,20,41,12,12,77,15,28,45,1,46,72,73,69,57,54,96,95,33,71,64,60,84,85,84,82,28,3,52,47,81,77,51,43,18,31,96,18,6,5,41
50,48,35,86,60,66,3,9,19,53,17,86,38,15,83,51,44,96,16,20,99,1,81,91,31,56,14,62,59,36,96,62,16,84,6,83,22,24,85,90,93
63,74,45,97,15,76,26,16,41,64,24,3,62,29,22,61,95,44,68,78,99,38,33,22,26,5,89,81,18,62,73,22,69,36,34,72,55,20,60,22,58
28,12,63,35,78,44,16,14,82,56,57,24,78,92,60,38,91,71,21,75,46,12,63,97,84,23,34,52,62,93,47,54,85,73,64,42,66,19,46,53,39
29,2,6,87,64,52,35,58,35,70,72,5,27,87,11,31,42,75,22,14,63,33,21,12,9,24,20,89,3,1,84,10,37,69,99,62,67,90,65,49,51
91,39,96,26,37,16,95,28,90,97,6,58,24,22,88,88,50,39,98,47,63,42,31,54,16,32,83,26,17,62,89,39,82,21,36,48,90,15,37,45,16
1,48,5,78,57,98,60,14,43,3,26,19,17,75,30,4,61,98,92,91,28,41,62,13,34,52,65,47,6,67,74,43,88,65,46,83,91,40,67,77,86
18,21,77,49,78,98,91,66,69,95,6,99,77,67,86,50,48,79,18,75,17,2,83,62,95,58,95,83,94,2,53,36,85,2,95,31,95,50,91,73,88
5,38,30,40,91,99,60,43,70,99,79,49,67,14,75,49,9,97,15,85,46,72,9,28,67,11,93,41,91,8,77,17,45,25,37,57,67,66,42,13,80
98,41,59,81,19,68,19,22,41,25,75,15,91,80,8,91,29,83,79,44,72,80,47,39,49,4,98,11,62,84,91,49,74,9,47,66,27,64,39,96,48
75,35,96,46,51,92,73,66,67,48,90,84,98,93,2,47,76,44,84,36,45,82,34,94,82,76,62,41,73,53,37,51,51,2,43,56,20,4,15,33,17
68,35,43,94,57,1,9,23,10,42,23,85,14,58,77,88,82,69,60,82,44,65,72,25,38,88,90,12,18,36,1,23,66,6,64,95,22,52,5,77,75
62,91,18,48,24,12,26,66,15,65,52,57,34,51,53,76,27,89,12,93,40,7,28,54,67,23,66,79,89,25,83,94,6,1,84,69,20,52,3,61,44
72,33,7,59,90,27,12,77,47,58,72,19,64,46,19,99,69,49,66,68,99,8,84,49,72,50,28,42,8,97,47,20,49,62,79,76,70,90,98,6,60
11,8,42,93,91,24,21,79,75,21,13,65,54,81,21,6,49,60,76,66,84,64,66,62,90,99,36,13,92,21,12,9,30,35,45,15,32,68,31,33,34
98,74,54,88,71,77,30,91,47,78,33,33,95,77,39,88,44,99,68,99,19,78,87,98,23,84,76,79,65,25,61,38,57,94,28,90,8,10,25,84,68
7,27,86,24,66,91,61,30,98,1,83,80,18,10,88,1,27,89,21,13,58,40,39,96,46,77,8,29,83,91,16,47,37,60,37,57,65,23,15,89,80
33,13,71,95,20,58,69,93,64,33,45,9,99,14,96,28,44,61,60,78,82,66,48,62,41,83,19,8,22,30,2,47,49,6,68,26,16,19,69,92,91
76,77,72,22,73,65,30,10,38,2,2,42,14,47,33,31,56,50,43,10,73,23,30,25,41,34,8,9,91,34,44,52,90,77,49,8,36,68,6,29,32
89,72,10,18,85,27,72,84,16,66,68,70,79,21,23,29,83,71,1,19,98,73,41,61,85,34,80,62,37,5,32,65,29,29,37,13,65,31,27,36,13
73,4,94,78,55,46,43,49,7,97,97,40,47,56,60,26,32,56,51,2,55,72,90,68,96,25,81,98,33,27,53,13,8,85,58,95,31,40,35,48,51
35,19,46,40,55,93,40,58,73,91,90,28,56,18,28,55,77,21,77,42,73,36,54,98,39,95,95,81,1,51,44,13,79,74,36,57,61,19,90,1,12
28,8,34,53,47,92,90,41,76,16,53,57,96,69,81,48,15,84,89,66,70,85,97,50,1,99,97,45,94,80,75,44,66,67,24,22,47,27,84,35,20
42,42,43,66,90,54,97,37,46,81,51,71,39,3,41,68,15,43,29,90,77,63,53,36,38,71,80,46,98,50,35,45,42,43,85,1,41,81,89,51,34
96,97,99,81,88,74,56,61,35,74,64,25,23,38,8,86,85,64,4,85,70,66,39,84,16,65,8,12,44,82,88,98,7,60,64,39,97,61,6,48,81
73,9,59,24,64,31,76,45,44,47,3,47,91,95,48,81,78,45,82,98,8,49,24,11,91,89,27,31,71,33,89,8,70,78,67,30,72,68,81,6,47
79,88,95,67,47,8,21,15,94,7,17,86,38,39,72,77,93,91,39,50,43,95,88,31,80,65,8,43,88,36,37,97,23,10,43,38,71,44,35,26,57
55,78,42,79,55,45,98,38,49,23,22,79,6,33,18,43,86,58,13,96,67,1,3,51,89,77,60,33,7,85,24,61,27,11,40,74,3,9,32,61,22
88,29,81,21,55,32,48,90,94,45,34,29,76,65,39,59,79,93,71,59,87,74,15,1,91,74,27,16,45,95,43,43,39,41,37,57,42,52,36,11,60
71,12,81,69,35,40,76,73,81,45,32,98,63,86,92,44,52,82,36,28,49,17,79,12,33,52,17,43,33,41,66,67,63,15,62,27,81,82,74,51,70
13,53,76,14,25,89,32,52,83,17,68,29,14,84,24,14,74,5,4,97,11,7,47,87,57,97,51,18,56,24,17,13,11,23,21,11,1,98,72,94,86
58,15,92,67,91,36,9,13,79,64,40,85,66,61,7,86,33,76,63,6,26,60,12,49,46,51,19,58,91,12,95,90,71,50,17,69,53,54,38,46,9
52,98,83,20,26,24,56,46,11,60,66,24,11,62,74,63,22,66,44,8,15,88,24,45,83,37,60,26,46,2,3,61,18,16,1,84,73,65,46,70,10
60,66,44,89,29,91,25,57,74,69,49,30,62,54,1,73,14,38,31,79,86,63,20,65,71,49,11,98,87,35,99,7,10,28,98,6,35,18,67,52,61
85,77,70,50,72,55,44,86,59,37,23,83,91,98,38,86,40,91,61,40,31,2,1,35,40,11,64,40,35,74,83,45,20,55,64,32,14,86,20,45,88
37,16,63,93,42,94,63,32,45,24,35,48,3,11,67,13,18,86,82,60,36,73,20,45,18,32,41,89,52,31,67,33,6,54,66,53,47,35,69,59,27
35,26,10,60,65,92,49,54,22,76,72,7,51,15,67,26,40,80,16,91,56,97,74,22,14,87,32,40,86,91,81,29,58,1,60,76,30,40,58,72,25
76,8,99,56,43,70,80,18,56,64,5,1,21,90,37,53,39,66,43,26,49,22,20,26,74,20,5,96,1,72,39,56,24,3,76,89,76,58,34,90,2

The initial sequence dependent setup time of each job processed on machine 4.
(Where rows denote jobs: 1 to 40 and columns denote jobs: 0 to 40.For example:The value of Sijk is in row j,column i+1.)
70,82,37,45,49,29,43,63,65,42,51,50,93,89,81,77,54,91,83,18,11,23,38,23,21,24,95,52,30,78,24,30,26,96,3,84,54,23,27,69,27
10,8,38,1,81,18,39,13,38,40,14,7,49,81,29,57,24,20,42,78,16,66,76,5,18,47,39,48,49,36,81,28,72,79,25,17,62,48,2,69,77
43,55,15,18,61,59,56,69,32,58,58,97,48,11,64,2,31,90,94,74,40,31,46,69,88,63,63,88,25,37,6,57,72,91,4,78,79,72,7,87,12
83,33,2,63,95,40,94,4,58,59,47,43,16,66,17,60,83,82,8,13,38,31,64,19,80,41,54,1,57,61,19,43,47,90,85,18,33,15,38,82,60
10,72,33,3,83,61,44,96,77,30,81,70,27,65,28,72,31,75,4,2,81,42,11,11,51,4,51,42,56,79,93,66,66,60,64,73,18,1,26,67,54
6,82,24,66,84,19,7,22,40,60,47,97,55,61,97,20,9,38,96,34,48,33,56,75,62,13,18,35,29,95,33,1,98,69,90,29,1,69,14,3,68
67,93,61,97,73,97,4,6,10,14,87,5,90,20,24,41,69,16,85,56,11,48,68,21,92,90,53,97,52,14,88,27,94,29,49,45,72,49,29,47,79
73,9,73,82,57,77,4,50,32,67,80,48,55,48,47,69,37,5,74,81,60,89,70,81,35,97,60,62,98,59,80,72,39,87,60,21,54,21,90,95,87
51,78,64,10,63,7,47,38,62,77,2,54,75,55,9,69,90,47,98,83,19,78,90,16,34,83,60,67,60,92,56,3,47,22,80,54,94,74,83,71,72
56,91,73,24,1,1,40,90,83,41,53,92,31,47,94,16,90,75,60,63,2,31,87,46,9,6,64,48,32,21,74,81,98,4,12,82,66,67,59,55,26
29,73,72,23,67,26,9,89,96,75,2,39,27,59,77,41,28,28,67,16,49,14,40,96,27,66,1,99,74,70,64,61,82,47,31,21,15,85,92,48,84
55,11,98,34,87,11,8,18,26,82,46,13,22,49,65,42,84,83,30,19,62,18,15,80,21,68,49,66,54,87,99,66,79,24,50,53,69,36,13,50,39
10,43,53,25,42,43,16,17,91,29,82,69,78,68,97,20,27,16,80,58,1,40,23,40,1,9,49,73,10,92,28,90,20,57,43,59,87,22,99,20,20
23,60,67,30,45,52,74,21,93,10,80,11,20,92,94,15,92,85,73,87,12,6,93,21,84,86,20,52,24,75,57,5,98,68,49,84,71,34,46,13,65
32,1,64,33,74,80,3,94,34,37,25,37,13,6,42,3,15,91,36,84,52,24,92,24,34,70,3,50,77,11,6,14,15,64,92,71,98,63,69,27,45
27,23,84,18,43,16,50,31,64,83,18,9,87,57,65,73,65,60,84,25,19,48,99,52,72,30,63,72,83,13,40,67,51,96,6,71,57,33,42,39,28
64,47,57,78,1,30,32,45,88,66,67,97,67,39,29,37,79,75,55,43,83,98,89,43,63,85,53,57,48,53,47,97,21,87,59,45,23,68,25,91,3
80,36,52,86,50,47,2,83,52,14,97,36,62,26,46,28,72,83,39,73,36,85,3,29,56,12,27,47,13,87,6,91,47,53,13,17,22,95,84,10,59
48,99,28,47,22,40,70,66,22,68,81,52,21,10,23,13,74,72,23,19,84,40,7,18,13,86,34,40,84,6,94,28,77,45,49,15,61,11,92,98,5
32,27,21,78,97,52,23,45,22,60,87,72,90,63,48,42,3,94,11,83,28,46,16,54,65,89,45,82,92,61,67,10,5,74,87,98,78,97,94,24,41
41,2,72,24,78,86,35,36,81,5,4,7,30,57,37,84,89,47,66,26,62,13,21,31,43,26,21,72,61,8,71,64,64,30,86,91,10,68,74,70,58
6,63,27,22,64,6,17,73,53,66,19,11,65,58,29,64,7,32,88,56,46,78,46,61,27,93,50,92,84,16,79,94,19,38,51,60,46,61,69,46,32
64,97,14,94,37,8,93,75,60,43,81,6,12,37,99,39,91,12,52,66,40,89,83,18,6,89,55,5,58,5,9,59,85,84,47,24,64,51,39,23,23
14,65,82,90,77,47,18,22,51,78,20,55,14,26,14,65,80,62,85,82,5,56,94,42,4,90,24,61,32,26,65,56,9,29,8,95,45,75,13,39,13
96,31,50,28,4,25,5,1,19,16,69,66,44,30,96,99,84,62,66,92,70,96,7,62,11,61,90,68,33,43,42,34,66,14,49,79,96,86,59,7,50
47,96,69,13,14,14,95,92,36,90,21,89,1,91,9,43,88,41,74,35,39,41,83,94,29,7,56,42,31,11,13,68,67,53,76,29,84,54,8,53,37
2,61,62,76,8,10,95,80,70,31,31,7,99,33,31,24,38,85,39,6,28,69,89,57,88,33,74,75,74,71,68,5,28,59,52,26,46,19,71,58,85
60,46,33,7,86,25,42,43,93,42,60,9,62,24,35,35,22,77,77,99,86,78,92,49,30,62,19,88,70,37,78,34,43,3,62,20,27,29,71,44,21
21,8,91,45,16,39,53,95,34,36,95,78,76,83,73,11,8,30,45,35,79,99,21,38,14,64,99,31,84,14,14,81,32,56,19,27,56,58,16,86,91
84,42,45,37,41,94,33,87,86,75,66,61,3,50,85,86,99,14,70,46,90,71,39,71,58,49,35,1,39,4,35,52,55,8,13,52,57,89,30,80,66
22,15,50,19,20,95,94,14,26,90,7,89,99,91,1,83,17,92,98,54,26,27,35,52,69,61,23,1,61,62,18,3,43,96,64,78,95,27,97,3,19
94,96,28,62,48,89,10,61,54,8,54,41,29,40,60,32,94,59,16,54,55,69,90,71,35,95,49,14,7,33,13,17,76,65,78,82,56,78,37,38,63
56,5,2,20,65,27,56,81,6,60,22,93,68,15,23,85,61,60,12,57,43,12,60,19,37,12,81,47,51,38,89,47,50,7,35,52,30,2,65,49,76
64,11,52,32,94,79,67,39,52,75,69,72,54,90,44,14,2,67,31,77,26,78,41,98,26,70,42,78,22,9,7,46,32,45,10,50,17,50,26,53,73
80,88,4,20,26,7,31,50,34,88,39,91,62,34,37,65,66,29,89,89,23,66,14,16,91,60,85,30,12,98,18,15,81,24,56,60,10,11,47,38,84
37,79,45,95,57,65,41,46,38,63,53,99,56,49,90,31,52,81,33,41,60,51,74,81,63,6,50,44,1,69,36,41,16,21,40,50,27,2,2,35,38
13,95,16,56,2,54,68,91,36,86,25,64,81,59,15,62,83,72,61,93,28,57,52,77,28,22,40,35,61,33,43,65,46,20,56,39,11,62,82,29,61
91,42,79,94,41,45,83,59,51,54,44,18,34,58,12,15,44,15,75,14,19,73,62,9,15,13,34,12,7,93,32,57,94,57,10,68,7,34,51,65,74
72,15,87,2,44,18,91,23,77,71,34,75,33,18,33,84,61,91,73,97,9,1,88,5,72,25,99,51,4,60,73,16,16,49,36,2,10,24,33,97,47
11,34,71,77,74,50,43,91,2,3,68,64,5,8,61,95,62,48,99,95,78,97,32,57,60,51,43,33,10,43,90,68,64,45,12,35,76,86,33,58,35

The initial sequence dependent setup time of each job processed on machine 5.
(Where rows denote jobs: 1 to 40 and columns denote jobs: 0 to 40.For example:The value of Sijk is in row j,column i+1.)
98,91,83,64,51,51,31,65,85,74,26,4,74,11,38,37,73,37,55,81,63,23,21,1,93,55,36,54,8,92,7,18,21,15,1,48,43,69,46,40,34
14,87,85,1,3,1,70,60,25,12,60,60,22,57,81,40,73,97,51,31,30,22,46,57,75,27,37,53,79,31,24,35,26,25,37,60,98,41,91,58,14
97,2,70,69,30,44,90,9,98,39,86,33,6,71,40,85,15,3,69,14,52,55,42,65,96,85,46,88,62,15,93,54,8,75,89,56,57,75,11,48,38
88,74,76,62,44,50,58,7,59,18,30,97,98,52,45,36,59,59,1,2,47,72,74,44,30,64,13,85,39,70,91,99,37,33,65,30,68,45,77,27,37
69,49,21,75,76,99,78,64,99,3,42,72,65,97,52,56,32,12,74,35,13,22,59,18,36,23,42,97,43,31,8,17,43,33,99,32,46,29,36,11,3
73,41,5,98,60,32,94,68,28,87,11,39,8,50,28,42,44,24,88,38,10,33,44,91,82,46,1,33,50,4,42,2,50,29,31,93,70,10,45,59,86
80,43,70,47,11,84,71,1,64,92,29,89,8,38,2,98,47,27,85,43,32,85,86,56,14,20,75,11,3,88,14,48,92,78,97,93,47,54,58,28,17
6,92,64,21,11,64,71,7,5,17,55,49,56,93,12,84,95,24,66,51,27,69,4,19,7,90,36,12,26,73,79,66,39,46,8,70,65,97,75,35,51
62,17,27,1,74,70,56,64,93,18,28,92,23,59,92,76,46,73,96,42,84,31,20,79,33,81,49,46,49,35,92,77,90,37,32,98,23,49,37,94,35
5,55,58,50,55,13,10,1,92,59,94,54,93,23,80,96,54,11,72,69,95,46,53,56,59,24,10,68,69,18,11,20,29,65,4,61,97,37,13,31,97
69,88,68,28,36,93,82,66,22,79,95,25,39,43,57,57,24,3,69,46,83,83,91,96,87,50,73,60,90,23,34,67,20,36,87,83,69,85,16,4,70
99,57,81,35,52,48,56,91,98,69,18,23,63,26,85,72,48,72,94,15,84,62,17,68,52,71,5,51,46,62,4,86,34,24,54,3,58,97,26,17,7
99,99,51,12,83,9,40,50,16,66,3,75,19,65,62,24,88,22,47,10,17,28,72,88,3,77,75,59,55,61,43,64,32,59,80,21,75,15,80,46,85
25,15,93,44,68,30,5,80,97,7,5,79,16,43,67,11,42,23,90,78,46,60,26,77,22,26,19,89,41,12,48,51,4,11,75,6,4,11,76,75,83
77,5,82,85,10,58,30,61,93,65,38,52,52,81,60,99,21,36,89,21,82,24,89,73,18,32,92,85,9,52,66,87,31,30,13,9,44,5,77,31,18
50,15,19,66,65,45,89,78,30,65,38,47,95,34,3,24,44,26,57,57,64,17,6,49,82,29,84,47,44,36,84,77,17,98,49,62,11,98,76,95,71
54,25,99,19,60,34,17,83,27,92,26,6,40,26,63,23,7,74,4,34,69,46,15,11,33,83,42,68,21,90,13,62,85,66,1,52,9,39,35,28,81
3,54,60,46,74,72,67,63,80,37,43,51,49,27,3,67,58,82,45,96,99,6,34,14,92,22,6,2,96,67,56,5,76,8,35,60,63,9,92,98,42
26,13,15,88,2,44,72,27,75,43,87,90,2,37,36,62,97,82,74,5,13,39,39,89,74,91,52,68,89,6,14,50,91,36,44,29,9,98,47,13,55
44,73,52,62,11,56,84,41,51,5,58,38,25,25,27,97,81,20,71,38,98,29,20,90,18,44,18,4,75,25,98,35,6,28,21,17,83,58,89,43,72
24,62,27,59,93,84,88,85,11,90,39,38,90,42,3,34,44,61,70,70,65,32,41,96,81,79,53,33,68,4,2,86,70,62,39,30,31,58,40,90,25
38,9,83,61,15,68,81,12,21,20,40,9,66,91,30,68,64,33,92,46,81,97,3,32,63,65,49,35,78,2,51,11,62,1,57,19,19,31,72,3,67
5,55,81,42,28,31,69,69,6,69,8,63,75,46,7,93,9,69,49,39,32,57,37,13,20,14,95,69,55,32,86,96,82,81,11,48,85,95,80,10,3
48,31,53,45,54,6,96,94,52,3,35,43,72,46,88,17,47,53,32,44,69,65,4,69,62,89,71,12,18,37,70,85,57,75,38,54,26,55,54,89,95
70,49,94,58,44,75,69,51,65,53,19,43,77,19,80,49,34,5,36,82,95,31,79,96,45,45,83,55,76,26,28,18,44,51,7,31,95,99,98,37,7
47,89,16,48,62,91,82,98,40,48,85,98,30,43,3,83,70,4,51,80,58,96,97,63,71,46,44,37,78,10,57,88,68,74,77,92,56,98,33,43,87
33,65,89,55,39,8,3,82,31,96,34,26,10,51,75,46,47,45,11,82,16,22,59,80,71,30,23,54,39,94,61,48,66,92,15,9,11,97,41,3,12
3,24,66,51,50,22,89,59,42,45,80,12,16,61,91,76,23,68,15,57,78,39,63,40,55,93,13,47,53,74,27,10,90,23,70,54,9,85,10,50,82
60,32,31,76,71,37,2,12,42,4,57,8,30,83,16,9,83,59,19,45,50,39,24,39,47,25,54,8,81,1,84,79,48,88,5,28,20,95,40,5,98
68,34,75,16,10,75,25,61,36,53,30,3,26,15,11,83,22,76,28,72,94,62,2,9,32,89,3,4,1,32,61,10,51,63,43,39,87,76,14,10,95
74,88,72,83,70,46,90,52,84,14,45,85,27,20,35,16,43,36,13,12,7,9,88,89,65,52,33,40,51,38,12,48,10,8,70,88,69,80,24,90,96
30,22,27,80,76,14,16,89,51,95,33,63,62,17,35,28,75,74,19,18,61,22,1,63,86,18,59,15,92,15,11,12,24,17,40,80,9,66,38,4,26
89,22,3,92,66,11,96,92,22,77,10,59,98,95,87,64,21,43,61,68,22,54,49,12,47,53,28,39,42,77,8,57,95,68,72,80,59,60,44,5,31
88,89,42,73,26,7,63,1,67,8,82,26,9,42,25,16,19,70,89,96,58,49,92,17,82,6,1,33,4,19,30,91,36,59,34,50,60,44,52,48,72
99,38,78,74,58,5,76,89,2,31,54,14,77,97,37,57,32,76,14,67,37,74,17,53,72,17,64,78,13,22,51,42,17,11,78,20,70,3,15,62,90
46,81,28,76,10,67,22,81,40,38,97,25,82,81,69,30,6,24,36,23,98,48,39,90,22,5,93,39,50,11,62,4,31,15,38,60,62,63,26,45,3
49,68,53,60,61,20,45,39,46,74,10,14,65,66,98,66,60,63,94,1,31,27,33,19,50,25,83,49,84,53,83,1,41,69,83,38,82,52,62,97,43
18,8,25,84,88,66,31,67,53,2,53,86,88,5,12,4,92,51,3,43,97,38,45,9,24,57,30,62,69,30,2,86,2,89,85,7,70,14,68,80,90
38,1,15,4,78,40,88,34,12,14,94,8,71,61,18,29,91,81,92,53,46,41,91,81,47,42,16,4,54,97,34,86,53,56,9,47,40,59,53,42,16
67,15,56,35,35,84,32,64,39,35,35,90,8,8,12,82,23,96,61,13,6,42,5,64,4,98,43,17,65,76,82,54,33,54,46,27,13,41,85,25,78

The initial sequence dependent setup time of each job processed on machine 6.
(Where rows denote jobs: 1 to 40 and columns denote jobs: 0 to 40.For example:The value of Sijk is in row j,column i+1.)
49,21,64,40,49,10,88,88,81,59,15,52,77,62,12,79,58,17,17,84,92,19,32,64,37,4,41,23,5,62,42,27,68,22,90,45,10,50,20,57,7
88,15,32,85,18,42,77,79,23,8,38,75,15,27,28,23,44,16,79,83,32,92,9,49,28,70,62,76,17,1,15,23,2,34,86,97,67,81,98,23,59
67,63,93,21,72,76,50,34,17,48,85,33,47,63,85,39,36,48,55,53,9,68,51,70,99,26,71,7,41,92,78,24,95,82,97,45,77,76,34,87,68
57,27,98,47,76,77,90,98,7,53,95,72,49,21,75,15,75,48,43,28,36,15,14,14,65,75,14,28,43,22,7,43,12,80,90,82,22,52,19,75,4
44,74,67,56,75,93,89,75,35,19,62,6,24,78,50,74,26,14,64,68,86,39,58,69,3,94,74,59,66,30,10,14,73,41,4,93,54,20,40,11,28
14,70,70,51,62,16,10,25,52,76,52,55,94,31,11,57,35,2,32,21,76,92,61,32,66,32,39,12,70,64,78,22,82,28,71,2,55,77,40,93,42
76,90,97,26,88,97,79,61,41,54,19,19,65,67,75,96,51,18,69,17,65,43,41,58,71,25,60,39,29,28,45,36,63,27,7,29,44,19,27,79,77
53,1,81,21,56,62,87,87,93,51,33,71,44,15,33,54,6,69,51,43,11,9,59,30,80,51,89,57,45,92,28,54,65,14,72,93,24,25,47,29,44
98,56,3,3,44,61,42,59,82,9,92,80,80,15,61,87,91,95,7,64,71,16,5,44,38,60,48,98,48,16,54,7,59,38,98,32,48,75,62,60,41
86,88,11,3,57,42,43,24,33,11,42,20,74,93,40,89,36,91,55,92,69,16,10,30,13,6,53,47,64,47,34,97,93,4,91,42,89,83,88,99,98
3,98,12,22,58,67,50,6,33,96,7,54,77,53,61,57,96,66,39,60,13,60,61,88,23,21,94,11,39,10,20,86,67,22,35,62,76,76,99,83,61
73,10,3,36,97,1,77,44,60,93,98,77,82,43,77,38,30,10,48,65,17,69,2,73,69,47,54,82,2,38,9,88,55,57,83,3,4,38,92,70,28
82,97,44,41,9,55,6,34,81,80,21,16,49,31,8,76,52,92,99,75,57,60,86,84,74,19,68,66,89,42,54,74,6,80,10,45,21,14,81,35,36
49,31,13,15,50,20,69,42,55,82,52,69,33,46,32,68,18,22,26,83,19,99,50,34,84,98,45,39,51,66,86,71,76,77,4,10,47,45,75,86,21
78,81,94,83,65,17,3,67,4,14,6,40,61,98,87,97,80,2,90,60,88,16,64,12,38,22,60,74,65,95,64,95,94,99,50,96,42,63,46,68,1
56,8,15,4,81,31,37,39,68,31,58,38,31,45,17,3,56,6,78,64,73,34,58,81,84,84,51,41,23,22,86,94,9,64,83,46,43,26,22,62,6
87,86,47,47,62,56,4,88,36,68,91,89,97,5,55,31,46,9,13,88,21,40,98,41,33,58,62,15,66,5,57,72,89,82,20,39,61,6,60,23,15
72,28,62,22,22,13,51,94,27,30,38,62,25,89,34,55,61,69,51,39,40,30,62,79,62,72,93,48,94,67,52,86,59,25,59,81,74,30,80,61,37
67,55,74,26,77,60,95,97,9,43,62,28,97,50,59,56,45,49,16,93,23,47,16,1,72,89,93,96,82,8,78,20,88,88,21,62,33,8,40,59,31
63,33,64,34,38,51,7,89,82,75,59,7,25,69,98,30,93,65,21,8,75,26,74,11,21,6,8,48,61,73,19,98,68,84,64,76,66,70,17,30,42
64,3,5,70,97,45,55,62,96,91,66,33,71,13,69,49,31,40,78,57,52,61,58,36,89,91,58,26,20,53,90,15,86,58,13,39,83,56,18,98,79
27,27,93,71,91,53,70,59,3,53,19,68,48,62,77,67,62,97,65,64,5,38,51,79,74,73,63,51,55,37,84,39,16,38,91,36,41,27,31,79,93
41,16,70,32,8,93,23,63,77,84,3,44,73,57,9,33,18,46,3,7,21,4,84,99,36,99,72,70,50,23,21,39,68,72,70,68,91,35,28,78,19
44,30,29,22,8,6,98,61,78,16,12,38,76,28,76,33,30,61,49,35,69,36,99,42,43,62,41,68,87,67,82,87,83,41,90,63,54,18,98,10,18
40,79,80,29,68,41,74,32,23,91,42,97,17,8,22,61,70,74,33,6,97,64,31,49,43,94,38,74,54,47,76,27,5,46,21,15,15,20,15,1,10
8,57,57,90,98,6,46,87,71,8,36,93,4,30,19,3,58,28,83,52,38,65,12,74,33,3,1,13,20,93,43,94,21,22,73,51,44,88,39,3,73
16,52,7,94,5,72,4,96,41,53,95,33,56,15,53,46,45,25,43,55,85,69,86,33,17,43,68,99,93,68,61,94,70,27,82,57,84,59,11,80,57
10,54,29,17,31,31,84,43,6,91,74,91,71,2,53,76,21,45,74,1,1,76,18,38,68,28,50,28,30,87,25,49,36,80,13,14,54,56,18,43,29
54,85,65,75,36,46,15,71,55,53,26,91,10,10,1,6,75,61,58,51,89,6,33,33,54,35,30,19,21,38,35,9,99,77,13,57,85,90,60,28,33
18,28,96,30,59,93,25,39,41,56,67,88,79,60,16,37,76,33,94,76,72,32,52,24,39,38,49,28,86,84,14,79,95,52,10,67,84,86,90,64,77
67,97,7,20,24,35,46,39,92,48,4,36,35,27,91,40,51,6,26,51,1,43,13,8,20,99,62,50,40,40,21,99,13,33,43,11,27,47,52,55,4
32,44,12,50,89,24,42,91,91,31,83,99,53,13,20,80,50,48,19,43,23,46,42,34,92,79,79,31,48,52,88,84,49,12,62,91,93,78,26,69,25
82,93,1,63,52,59,98,81,56,81,93,53,55,2,18,24,41,38,96,9,10,70,3,28,86,5,23,27,70,66,60,85,16,25,31,23,34,89,17,99,2
39,20,86,42,42,22,79,43,74,24,2,82,67,31,45,89,79,40,88,36,46,99,24,39,40,49,43,62,89,91,58,71,29,67,42,19,40,87,32,58,82
46,29,61,33,62,34,66,45,96,62,69,69,87,85,7,59,76,10,6,33,15,27,23,26,60,38,84,72,24,45,60,30,59,48,68,63,12,6,18,36,88
39,38,77,64,43,13,85,67,44,93,51,77,23,73,32,49,5,53,6,45,54,71,32,62,32,52,60,52,96,47,31,98,39,80,33,72,37,60,51,76,90
44,61,62,83,23,57,68,43,98,79,58,15,35,61,87,87,53,60,97,9,37,12,19,24,79,40,45,79,63,1,99,29,68,11,19,88,3,99,50,92,75
3,42,28,22,82,20,9,38,12,88,79,58,11,68,20,63,54,35,82,19,99,56,20,95,62,22,12,37,90,53,75,95,51,68,12,41,80,53,9,28,18
86,19,26,7,93,88,49,81,70,98,16,58,83,42,20,10,5,56,13,92,48,37,78,57,13,70,72,19,50,79,85,23,13,89,1,96,73,76,39,2,4
71,49,77,13,77,11,1,38,67,54,37,74,3,45,71,3,27,80,33,49,19,23,66,44,71,79,85,59,42,92,2,96,26,7,49,12,58,80,53,33,61

The initial sequence dependent setup time of each job processed on machine 7.
(Where rows denote jobs: 1 to 40 and columns denote jobs: 0 to 40.For example:The value of Sijk is in row j,column i+1.)
85,12,62,34,35,85,22,7,95,23,70,98,79,97,58,35,20,95,12,55,24,86,76,5,88,91,72,66,68,76,57,50,25,82,83,12,21,83,91,62,32
62,54,2,33,9,35,35,71,41,77,87,95,92,85,6,75,16,63,59,97,45,9,46,36,52,21,71,50,11,74,79,75,84,29,26,99,79,99,67,20,27
8,40,57,6,59,17,68,16,14,36,44,85,62,66,4,6,67,72,83,9,16,52,89,68,57,75,78,83,32,46,71,87,33,69,70,84,2,5,12,64,69
13,36,72,65,13,87,30,8,19,38,31,50,65,76,46,51,45,80,7,53,10,44,80,29,40,89,87,40,21,59,73,5,71,71,78,4,78,54,17,44,33
14,75,95,51,34,72,74,42,73,74,4,27,6,34,93,30,5,7,2,81,40,26,72,58,72,38,87,20,23,9,1,95,76,56,49,87,87,30,93,62,67
3,69,32,92,88,44,15,10,62,48,92,88,81,79,73,42,45,43,55,55,21,60,28,6,26,26,33,88,33,73,22,44,74,78,11,78,37,33,18,42,51
97,15,18,42,18,48,27,68,60,9,36,89,96,28,43,42,62,27,41,63,67,23,88,14,30,29,64,13,90,32,68,8,62,34,35,22,59,30,62,73,30
32,90,64,57,47,2,5,73,68,87,36,90,73,64,20,45,18,1,49,43,38,37,3,90,33,26,69,86,44,96,85,23,85,60,30,32,83,1,30,39,6
87,42,55,29,28,11,88,16,47,30,79,35,47,26,57,39,33,78,64,73,39,49,34,20,63,53,99,93,70,66,42,48,82,74,96,77,25,64,12,77,4
47,5,63,77,80,93,18,4,72,51,62,99,9,10,21,39,22,41,7,36,80,7,24,14,83,25,84,25,75,32,29,79,39,81,49,8,95,54,4,26,80
96,39,21,24,82,17,88,14,18,92,17,90,37,80,50,45,41,72,92,15,48,55,69,91,58,32,17,93,66,93,20,52,57,32,23,57,45,8,42,6,91
1,49,63,45,83,29,6,69,98,68,48,22,56,23,31,27,51,35,12,44,20,97,87,9,35,92,67,75,8,28,32,93,67,18,61,16,70,82,20,81,6
27,46,89,39,80,47,19,99,20,24,29,15,77,91,2,76,5,41,6,30,3,93,12,97,77,91,25,37,55,15,56,20,47,1,93,48,81,5,8,68,72
22,92,51,18,40,6,21,76,84,83,84,92,49,13,62,48,43,77,92,40,26,29,74,18,56,85,58,71,41,53,42,3,99,70,56,26,19,78,24,75,44
39,4,39,48,85,58,25,38,93,35,37,68,28,32,7,73,63,71,13,57,87,11,37,96,10,56,25,76,53,48,65,22,76,26,33,35,30,15,76,14,78
21,30,9,57,64,97,86,99,59,63,96,79,57,38,1,68,6,26,67,29,26,63,44,17,39,39,23,70,32,72,23,86,71,63,85,86,64,1,28,12,94
86,87,96,95,50,41,96,67,61,6,12,26,55,64,21,23,86,52,9,61,52,99,81,1,10,21,4,82,1,74,63,75,21,40,94,23,22,56,64,56,29
93,6,65,29,89,91,31,26,24,6,47,36,91,12,38,58,50,62,84,15,34,38,6,64,43,37,85,81,1,42,29,31,80,41,28,49,34,43,13,68,47
47,98,67,86,69,92,21,72,24,90,67,97,41,72,8,72,47,82,94,40,55,37,55,52,13,85,29,96,4,33,47,61,42,6,13,97,22,59,49,32,13
7,49,17,64,29,83,52,82,49,35,23,82,14,33,21,47,67,31,22,77,25,53,77,50,35,98,66,74,66,27,41,92,87,62,54,22,22,35,57,77,26
49,1,12,37,44,88,24,34,24,86,50,71,34,19,78,97,86,49,84,59,96,59,98,33,67,23,66,52,11,72,57,21,96,88,26,42,10,40,27,93,71
61,10,52,73,20,81,6,23,4,50,18,92,89,4,51,20,39,93,36,95,63,87,54,90,63,36,58,51,79,3,34,64,11,9,56,18,27,55,16,91,92
18,74,15,73,45,46,20,17,67,75,57,6,26,73,48,7,37,21,84,93,80,85,82,36,30,78,91,77,84,52,82,15,9,9,60,89,82,71,7,73,42
86,39,69,78,51,55,59,62,89,54,28,85,76,23,14,10,93,71,14,57,27,44,31,56,51,79,44,91,4,95,21,49,81,72,82,60,81,98,58,98,44
78,96,82,32,8,69,3,3,62,2,55,30,84,8,47,43,51,98,65,16,78,29,11,16,17,30,6,86,34,22,13,44,52,35,25,94,42,22,38,60,64
50,50,84,53,1,15,4,54,40,47,40,60,42,92,22,26,61,41,33,95,87,74,22,61,60,14,42,92,85,98,17,85,34,93,61,10,64,2,46,71,78
43,96,76,94,71,70,19,56,82,12,86,34,13,16,5,4,51,67,43,46,45,72,2,54,50,64,94,66,89,44,27,43,24,8,85,12,54,68,57,83,67
30,20,70,43,41,56,51,97,83,22,47,3,52,80,70,44,20,69,47,37,82,22,15,63,27,63,5,28,42,27,33,76,81,88,96,69,26,98,50,47,74
50,30,49,26,84,3,49,93,86,2,40,47,35,58,79,24,76,66,51,33,25,39,34,70,22,75,52,72,40,69,75,41,59,81,8,91,79,97,71,80,96
63,1,88,34,52,40,13,6,27,30,54,81,51,46,8,60,81,64,98,72,23,69,51,76,65,93,74,96,73,4,27,54,93,80,64,92,67,25,71,99,97
27,94,20,59,13,32,30,65,27,2,84,33,33,68,96,6,2,64,55,2,31,38,26,60,81,24,34,94,36,89,20,66,29,16,72,63,9,24,43,67,45
81,61,35,94,36,94,78,7,92,70,10,35,11,43,69,61,49,9,49,52,86,61,76,5,48,40,46,72,74,52,54,4,75,66,64,96,77,91,61,81,57
79,46,92,95,47,64,2,47,40,55,73,60,11,23,17,88,88,43,95,52,33,64,54,37,48,46,5,69,41,78,10,47,72,47,18,94,21,61,96,51,87
37,26,58,77,22,74,69,97,97,97,8,85,86,47,23,14,93,97,26,78,70,22,78,74,62,38,38,2,22,25,3,13,81,61,31,20,38,11,35,63,54
42,26,23,28,88,16,78,66,3,76,20,67,48,75,47,35,4,50,69,32,1,9,2,86,41,53,17,37,93,91,57,6,87,9,21,64,97,56,71,9,72
9,6,86,3,74,5,30,83,69,28,2,55,20,63,23,31,97,17,18,36,61,53,57,8,71,93,14,7,40,64,9,62,27,16,11,96,41,36,45,57,99
45,7,86,34,33,5,28,25,29,86,54,36,73,61,4,74,77,86,46,82,46,2,80,31,21,84,69,99,99,90,63,41,17,90,7,29,4,16,23,89,94
68,61,12,53,11,59,87,53,24,71,62,73,31,34,1,30,92,93,78,13,32,21,43,20,68,59,74,70,63,6,99,73,61,1,97,70,62,64,87,86,79
61,3,57,6,75,36,48,20,3,84,73,84,73,45,34,62,87,28,19,8,81,15,17,31,14,28,19,16,10,11,83,45,5,35,57,14,71,63,13,21,8
96,35,4,23,20,15,83,66,23,13,50,23,46,29,18,80,17,55,92,48,24,48,22,47,47,1,55,57,73,87,40,3,81,9,49,37,87,7,62,29,61

The initial sequence dependent setup time of each job processed on machine 8.
(Where rows denote jobs: 1 to 40 and columns denote jobs: 0 to 40.For example:The value of Sijk is in row j,column i+1.)
52,4,67,89,33,17,18,25,30,57,37,42,19,55,30,90,91,10,51,24,20,71,63,74,49,4,9,17,52,25,76,6,54,22,28,61,44,68,48,93,99
65,70,97,13,60,4,33,19,90,27,13,53,27,57,80,63,19,38,70,5,68,5,87,18,77,63,50,90,69,62,98,89,6,61,56,82,23,19,91,28,15
87,61,78,68,98,18,75,37,69,5,82,97,70,74,26,77,33,92,31,39,52,43,46,3,61,77,60,20,69,22,15,80,18,76,66,50,5,15,27,63,91
90,46,2,19,8,80,47,78,98,58,93,23,66,71,18,91,69,29,51,36,86,3,2,35,39,72,11,34,89,42,35,60,65,2,95,82,33,48,37,14,35
92,68,38,66,14,39,32,94,96,5,64,20,1,76,86,51,57,13,49,87,92,34,6,9,88,58,65,45,19,93,79,98,57,20,97,40,86,66,78,24,10
97,94,80,68,54,53,90,86,98,4,4,22,69,45,47,91,9,22,65,7,67,29,67,23,27,40,99,6,7,42,9,31,75,73,40,96,69,11,34,2,99
95,99,48,39,39,73,12,57,32,58,70,77,57,45,73,64,72,50,50,18,71,24,34,89,29,13,58,40,68,51,71,89,32,10,38,83,1,89,88,18,15
43,56,23,16,96,94,27,44,39,47,69,7,59,37,48,75,17,57,34,28,28,98,80,3,81,30,75,19,98,21,39,98,71,78,67,34,86,30,70,6,21
86,87,41,66,76,96,62,80,20,60,95,18,97,86,18,32,17,80,55,68,33,60,27,90,94,64,24,55,94,49,82,21,56,21,96,96,92,35,44,48,92
32,29,82,11,83,49,32,24,7,88,14,34,48,79,79,17,22,38,65,67,73,29,13,63,65,23,53,14,70,50,55,23,94,72,99,62,46,54,86,14,68
70,98,20,65,16,51,2,18,55,27,67,18,12,21,44,93,44,13,27,78,9,24,94,24,27,11,57,81,47,29,56,52,14,99,23,44,16,67,50,97,88
71,75,67,11,64,75,40,99,5,30,41,8,11,97,45,7,17,20,7,55,75,25,55,6,26,30,13,85,58,18,45,3,75,50,90,41,14,52,41,45,15
39,93,23,97,27,17,18,67,79,98,86,7,22,74,29,80,81,16,32,56,22,20,90,59,9,46,41,6,23,11,61,96,5,49,24,75,6,24,77,31,21
91,59,6,9,93,24,4,25,27,96,36,56,57,19,23,58,9,13,21,49,83,50,70,89,23,78,45,98,98,64,67,82,31,32,61,33,10,39,76,17,2
58,90,62,93,35,74,30,22,35,73,81,35,91,19,75,79,89,84,71,73,95,78,22,87,62,28,31,12,48,62,12,83,64,29,67,2,1,76,32,30,38
34,13,3,77,13,57,73,13,24,31,97,40,65,67,55,17,52,52,28,74,81,45,52,54,42,7,15,87,33,66,10,27,51,6,56,94,40,54,36,21,76
56,10,34,17,34,70,78,79,56,21,38,85,90,82,45,2,89,64,89,10,90,59,48,77,82,64,2,25,87,37,4,74,29,28,59,63,64,42,8,29,4
75,34,97,87,66,76,23,49,83,74,41,2,69,98,40,85,12,8,97,45,63,10,4,85,29,79,93,69,52,79,9,68,20,95,96,98,1,41,85,2,89
15,38,37,92,22,36,76,21,39,90,76,23,12,27,94,16,86,58,57,19,96,12,20,6,90,53,15,90,73,83,57,21,8,87,54,19,23,1,51,53,57
59,64,24,57,31,19,3,89,69,75,29,39,82,89,45,14,45,16,57,68,99,35,74,67,46,54,45,11,70,71,13,97,84,57,19,54,75,36,71,80,17
28,4,19,75,78,50,63,30,39,51,91,75,73,26,18,14,1,22,25,38,70,87,78,88,39,4,56,48,18,41,96,59,98,20,92,70,70,28,92,82,94
14,35,77,54,85,92,99,57,94,1,28,17,66,24,34,41,4,39,15,13,85,96,99,54,42,88,15,62,97,3,36,53,9,56,88,69,9,91,5,98,98
17,33,78,83,41,72,99,13,73,89,32,24,78,44,28,32,24,64,72,91,19,23,16,16,88,98,83,91,71,27,63,64,97,97,58,31,4,29,44,35,44
38,31,79,81,78,44,39,63,29,2,14,81,29,85,86,83,7,70,59,37,77,78,11,9,36,16,76,44,87,12,36,60,43,59,80,3,80,21,56,94,61
61,69,99,88,73,60,51,88,88,61,88,73,44,1,96,40,2,24,37,37,84,10,18,16,14,42,83,99,13,81,26,95,15,9,25,62,11,90,96,12,53
52,41,60,75,79,76,44,87,82,78,35,4,39,20,80,43,87,3,44,51,50,84,81,24,61,7,83,54,22,58,19,13,35,63,5,25,73,23,73,50,87
98,24,15,80,24,9,63,2,49,93,62,44,61,7,74,63,34,29,76,58,58,18,33,57,56,78,83,5,9,85,23,8,27,67,6,78,19,74,16,34,53
8,23,30,89,31,98,11,24,5,45,44,79,71,69,58,85,34,22,28,87,46,74,3,50,27,12,29,84,67,75,48,5,23,17,9,72,44,60,96,8,90
52,61,58,16,94,28,80,63,32,68,55,97,94,45,95,5,43,71,40,99,51,79,31,25,25,52,37,91,33,93,79,67,62,61,29,26,34,22,55,2,88
57,94,97,6,90,66,63,84,26,72,55,89,2,62,54,42,16,79,73,31,27,85,53,26,74,19,97,35,5,87,76,51,44,18,35,9,75,25,19,9,38
5,90,64,15,15,44,14,83,58,6,86,93,58,51,41,1,77,12,49,1,15,77,65,33,39,11,42,20,10,30,51,93,30,71,65,24,83,10,58,57,9
54,22,50,6,63,77,37,3,40,27,51,27,56,95,13,54,73,61,87,83,51,51,74,48,46,16,85,77,63,78,81,98,76,80,94,9,43,65,77,89,61
93,63,38,23,41,22,21,16,49,48,26,12,35,29,82,31,84,71,12,95,56,72,68,6,4,51,46,31,40,76,41,82,83,18,9,71,50,57,55,12,81
87,7,56,83,52,88,87,27,7,71,87,97,3,7,14,34,85,60,69,31,50,27,38,25,24,78,88,78,95,92,3,47,75,25,56,69,39,26,33,87,35
78,43,26,98,59,11,65,13,58,36,40,78,75,42,74,68,93,28,41,70,19,70,18,27,56,90,86,57,96,65,78,16,57,3,83,29,90,16,88,60,38
53,66,98,39,90,23,81,88,3,10,22,59,93,82,76,78,34,24,60,33,51,96,1,4,88,87,25,34,5,38,19,96,18,49,36,71,24,27,60,53,94
38,50,90,92,78,26,30,66,92,21,52,80,17,53,75,72,4,14,49,6,92,6,41,4,3,10,95,32,47,83,75,58,44,27,30,97,84,28,77,59,23
66,82,96,15,87,26,23,90,97,38,69,49,71,58,68,35,41,83,59,47,20,69,34,62,55,19,81,11,57,74,12,27,42,94,76,9,11,55,82,49,35
97,5,16,50,42,23,40,70,66,62,54,72,42,31,84,81,2,62,57,86,94,25,56,66,29,41,91,97,65,96,63,3,2,36,17,99,88,27,6,66,34
52,16,54,87,26,96,52,84,14,37,6,29,25,7,28,86,49,44,7,43,41,33,15,60,23,13,73,68,80,28,79,50,65,28,4,98,66,58,89,91,98

