The number of jobs:
40

The number of machines:
10

The number of workers:
4

The processing power of each machine:
(Where columns denote machines: 1 to 10.)
9,19,13,20,18,17,10,12,20,15

The idle power of each machine:
(Where columns denote machines: 1 to 10.)
10,5,9,2,6,6,1,4,9,3

The initial coefficient of each worker on each machine:
(Where rows denote workers: 1 to 4 and columns denote machines: 1 to 10.)
0.5,1.25,1.5,0.5,1.25,1.25,1,0.75,1.5,0.5
0.75,0.75,0.75,0.5,0.5,0.75,1.5,0.75,1.5,0.75
0.5,1.5,0.75,0.75,0.75,1.25,0.75,1,1.25,0.75
1.25,0.75,0.5,1.25,1.5,0.75,1.25,1,0.5,1

The basic processing time of jobs processed on different machines:
(Where rows denote jobs: 1 to 40 and columns denote machines: 1 to 10.)
71,15,33,2,88,11,62,69,25,98
72,61,15,80,42,90,82,65,15,58
23,62,25,87,99,1,12,75,83,8
67,8,20,57,15,39,3,58,26,68
10,44,3,66,3,11,78,33,50,5
40,64,57,10,26,79,15,56,26,70
18,44,26,78,10,47,34,82,19,93
74,58,4,99,81,82,11,83,60,67
8,14,92,69,47,14,64,35,68,68
76,96,43,21,2,5,90,42,92,5
39,91,81,68,64,80,5,59,69,36
30,13,37,82,61,1,8,36,51,15
17,10,16,49,41,92,25,22,53,30
47,19,85,66,97,33,91,35,62,38
65,9,79,69,23,98,16,68,95,89
65,96,91,88,38,7,38,86,54,88
79,33,64,81,54,16,38,55,50,67
15,48,80,65,91,64,59,49,33,38
2,70,22,73,29,30,79,12,5,34
11,47,50,77,70,94,45,25,36,15
57,49,4,40,11,77,55,68,96,42
59,54,46,49,17,84,99,46,73,30
45,16,54,40,37,29,13,53,96,61
75,60,55,84,28,61,27,35,24,64
86,8,68,57,45,46,64,5,19,85
3,52,88,85,9,36,30,20,61,77
33,9,66,63,14,60,95,16,58,87
24,59,33,99,53,72,78,34,15,66
60,7,54,39,61,2,30,41,49,97
75,29,45,27,69,44,85,32,40,76
7,81,55,64,45,45,18,94,32,68
29,53,41,41,43,27,88,36,71,59
77,54,95,81,54,25,31,65,19,65
62,3,67,96,15,81,89,4,90,37
97,72,61,35,10,65,86,90,92,5
28,75,90,96,95,88,72,10,90,97
58,48,72,42,62,81,17,94,78,86
32,3,48,67,97,69,96,33,57,20
98,10,54,88,86,17,69,48,18,62
10,10,64,15,58,53,60,35,73,86

The initial sequence dependent setup time of each job processed on machine 1.
(Where rows denote jobs: 1 to 40 and columns denote jobs: 0 to 40.For example:The value of Sijk is in row j,column i+1.)
24,37,3,60,15,53,98,32,69,37,5,76,49,20,5,42,45,23,43,57,56,60,29,39,74,69,28,39,10,91,79,27,95,4,14,6,85,32,9,71,40
89,97,78,23,75,88,31,14,12,40,38,49,4,83,62,71,76,99,34,65,19,36,39,6,75,63,25,55,38,18,50,28,91,68,75,71,28,38,30,6,70
16,13,31,37,33,58,93,69,79,51,7,71,53,93,1,12,82,61,48,83,19,40,95,75,96,80,88,1,1,49,30,20,19,87,7,2,46,39,91,68,45
13,72,89,18,17,77,48,4,40,24,43,96,50,5,14,86,87,22,97,41,51,85,4,15,60,93,94,87,26,51,27,24,91,80,17,82,3,67,22,89,46
3,85,3,60,88,40,50,9,46,86,41,95,23,1,87,83,4,19,17,65,21,37,55,32,62,42,83,3,30,38,44,47,13,47,49,86,45,68,65,48,57
69,86,6,23,11,30,83,34,61,16,9,36,54,24,17,94,25,8,9,43,27,58,48,18,79,4,7,57,11,57,48,93,68,99,57,91,23,79,93,35,85
17,80,99,11,17,54,58,38,5,58,10,70,11,79,37,83,77,26,89,73,28,79,77,84,41,62,74,83,76,38,69,2,95,28,16,22,28,43,40,50,64
25,69,71,54,70,86,59,74,67,95,1,45,13,22,33,86,7,72,70,28,93,78,41,5,94,33,36,91,38,17,19,31,49,85,76,72,79,71,13,62,18
97,15,73,4,57,51,64,86,79,20,69,53,56,7,27,80,29,90,33,34,83,92,46,7,14,99,60,69,23,31,44,82,61,92,64,55,6,89,57,72,41
25,40,17,41,16,41,51,1,48,93,40,76,20,82,9,31,94,90,98,15,96,81,10,1,67,56,74,20,94,57,54,32,46,82,16,89,32,54,95,21,55
31,96,97,1,42,28,30,70,83,18,95,14,54,97,15,25,44,7,55,48,30,46,89,49,82,51,69,50,97,23,57,93,43,92,22,10,77,56,26,68,41
88,8,92,4,79,16,26,41,1,53,15,10,32,40,96,25,67,99,93,7,13,15,68,36,94,52,49,91,27,59,32,51,53,93,85,38,16,79,47,90,91
55,58,50,86,97,94,2,83,85,95,73,71,84,37,60,45,68,72,33,89,19,53,59,96,66,20,29,96,91,15,49,3,53,55,98,53,94,79,98,44,1
16,60,19,98,76,28,9,73,48,26,85,37,95,23,55,49,52,17,45,79,98,20,80,60,47,98,99,85,3,20,77,3,76,42,51,1,29,10,23,91,62
6,68,20,96,90,53,35,7,33,72,77,95,47,80,78,43,92,98,65,36,30,39,93,90,36,96,24,45,13,53,6,81,5,36,76,58,26,3,26,22,14
82,30,21,57,66,50,28,7,53,37,98,67,45,98,63,30,57,55,66,88,5,8,81,79,15,24,10,22,6,11,83,89,5,63,86,42,25,15,98,84,4
74,80,15,5,80,89,77,35,80,96,52,35,67,2,87,75,91,18,39,63,37,9,93,7,92,1,44,52,32,13,37,4,98,43,48,30,60,72,91,90,91
75,22,88,1,63,2,95,43,61,84,49,3,82,30,57,55,36,51,17,34,83,70,3,53,12,90,38,62,34,93,10,47,16,12,15,93,71,17,15,61,92
31,83,8,1,17,63,51,5,41,68,4,49,30,7,18,79,38,40,69,74,91,84,93,90,56,19,33,49,94,94,6,58,61,46,98,75,10,69,21,13,36
22,49,42,39,12,57,2,34,83,9,76,61,43,83,96,26,95,32,21,33,84,21,97,64,97,14,40,25,68,27,52,46,18,1,96,29,69,19,94,38,54
32,9,95,36,97,67,68,1,23,5,3,2,66,61,96,5,31,32,31,60,17,41,51,22,62,42,19,5,11,27,6,70,23,36,41,53,61,94,29,68,57
85,68,17,22,19,62,23,86,58,55,85,94,48,65,39,42,37,57,53,51,11,83,9,67,86,12,28,13,33,61,38,95,23,49,73,10,73,61,12,30,35
35,89,17,70,97,95,2,89,1,30,68,13,37,51,66,45,69,20,48,32,47,82,6,26,13,28,80,43,22,73,58,17,15,17,85,91,52,10,18,89,35
17,72,77,35,25,66,47,61,4,2,31,3,45,89,94,65,25,61,48,23,61,70,88,22,16,9,95,79,35,9,29,26,27,10,37,6,21,89,44,31,4
51,7,25,40,51,75,99,98,18,36,80,7,1,25,39,94,91,68,48,35,40,41,56,97,46,47,21,48,18,58,76,85,1,88,77,38,36,5,95,45,33
85,17,58,97,97,70,87,83,44,35,68,95,57,12,31,74,96,98,90,87,21,17,74,87,11,57,27,62,20,89,26,60,74,44,61,33,97,47,53,87,12
4,12,68,29,77,21,41,58,70,88,87,18,49,94,36,53,64,38,63,8,96,81,1,65,58,45,49,43,83,27,72,34,12,72,9,14,51,44,13,59,33
89,88,36,96,99,17,17,72,28,5,23,91,63,76,78,17,27,52,98,33,48,81,86,31,45,59,44,9,34,23,49,10,57,51,44,83,26,93,64,18,21
71,20,42,76,76,27,88,78,77,44,97,55,68,76,13,60,46,2,12,98,12,29,22,1,3,35,89,32,2,18,27,92,40,61,33,38,50,14,92,19,30
98,61,48,12,69,20,27,89,5,54,19,54,92,16,24,55,90,95,45,15,77,54,5,79,7,12,10,94,93,65,83,70,4,86,42,86,12,92,13,5,29
59,31,81,25,16,68,51,97,90,62,27,92,40,16,59,60,93,39,35,81,69,95,8,37,2,51,1,78,92,89,58,52,85,95,95,70,7,15,1,91,36
93,57,40,47,91,76,59,80,11,29,81,33,9,89,11,71,63,84,12,78,86,66,25,63,14,47,19,27,12,22,84,19,83,90,45,11,76,74,66,90,40
46,76,23,84,24,22,65,2,59,16,82,26,4,89,21,70,26,25,67,57,89,80,9,88,10,71,35,45,94,46,96,42,68,52,54,87,88,83,34,22,88
67,46,11,13,53,99,37,55,77,21,36,4,19,14,3,27,9,67,98,27,80,23,32,11,15,87,13,68,60,44,64,50,28,82,10,49,51,94,92,65,34
86,96,82,90,17,18,37,31,85,65,19,66,7,79,66,22,79,17,18,48,50,12,40,47,96,67,25,95,23,76,28,21,52,76,50,5,17,76,45,94,55
67,9,64,62,37,37,33,71,44,36,4,26,24,99,54,37,27,74,62,83,58,72,66,96,61,47,95,16,26,23,83,81,17,34,75,18,69,82,37,50,46
47,13,79,99,36,69,83,84,57,83,95,73,63,36,29,58,99,53,22,17,39,17,4,35,78,2,2,71,4,71,30,70,63,52,33,81,30,31,66,45,29
95,12,96,99,12,69,44,17,31,70,16,12,67,90,10,13,26,50,88,82,9,53,22,98,56,28,58,70,91,81,37,63,72,10,79,3,80,72,40,97,18
61,28,22,85,85,37,85,61,4,45,16,17,39,2,22,66,54,83,5,56,33,39,20,55,42,81,81,43,80,45,34,53,33,95,95,48,69,42,51,4,12
48,35,57,35,72,71,97,40,32,6,47,92,33,24,32,31,35,75,26,4,52,85,58,22,11,60,85,89,25,8,40,4,47,83,68,74,46,45,82,60,3

The initial sequence dependent setup time of each job processed on machine 2.
(Where rows denote jobs: 1 to 40 and columns denote jobs: 0 to 40.For example:The value of Sijk is in row j,column i+1.)
78,15,51,9,4,33,90,91,26,92,48,9,96,85,34,65,5,4,98,94,33,33,8,48,5,31,60,46,5,4,79,78,47,89,12,5,42,87,36,5,96
61,42,8,30,72,70,34,5,42,53,81,8,52,77,23,79,90,80,73,91,41,22,22,14,67,10,30,37,61,53,91,46,67,28,16,18,54,63,75,85,16
22,62,11,41,31,50,27,16,29,31,52,19,93,46,43,45,14,35,56,10,65,92,18,37,6,35,25,17,87,46,93,48,26,77,28,31,94,76,73,81,6
89,97,99,41,44,64,84,12,75,75,82,1,21,48,43,39,42,43,35,78,54,41,70,58,96,10,70,93,25,74,28,48,33,26,32,9,35,74,96,2,61
86,67,78,40,3,97,24,44,50,41,30,34,81,7,75,52,59,33,39,75,17,97,80,10,28,74,6,35,39,75,85,26,74,31,85,23,79,15,60,65,37
15,59,59,61,91,73,59,58,88,77,41,55,1,48,29,41,33,71,37,42,58,50,61,64,84,52,88,35,53,1,58,8,82,95,96,81,1,80,77,62,83
32,1,37,77,11,3,47,42,11,54,62,45,16,19,61,35,31,90,93,18,70,24,29,76,59,74,7,11,13,64,88,88,33,62,13,48,98,55,89,83,69
41,51,6,73,53,67,71,83,42,37,42,98,15,20,12,58,85,99,96,43,51,94,80,58,26,96,64,2,63,92,26,92,60,55,30,74,37,88,57,36,47
44,42,9,10,58,9,91,28,23,49,63,84,20,42,61,50,29,55,66,87,35,79,36,14,14,76,61,62,61,87,5,28,33,80,58,27,22,5,42,27,30
76,37,29,17,45,14,81,24,34,63,45,15,58,97,35,53,6,41,78,13,91,15,9,75,86,19,3,50,66,62,82,72,48,46,96,69,99,47,25,36,73
97,72,83,52,72,34,39,57,55,93,68,29,66,18,82,86,63,96,17,38,69,82,23,21,34,45,93,84,66,11,2,59,87,76,58,25,54,50,86,4,65
54,92,91,78,53,85,66,1,98,63,13,37,96,64,9,82,37,89,23,17,13,94,97,90,71,19,94,68,7,47,24,22,60,37,69,75,63,15,26,23,52
11,89,5,16,16,83,71,4,19,16,3,74,70,86,9,38,13,34,16,26,24,5,38,10,91,81,38,95,52,60,92,79,19,60,5,27,54,66,24,40,41
32,36,80,43,13,46,74,82,87,41,18,55,46,58,24,96,13,12,18,8,70,84,61,53,80,55,67,85,25,20,39,13,60,22,67,64,48,33,46,72,78
5,23,17,83,57,93,97,97,78,45,90,8,99,85,47,46,75,52,61,65,53,88,27,61,60,58,61,9,92,73,25,8,2,62,4,5,59,49,77,1,39
90,60,84,84,46,77,82,93,82,43,65,36,83,18,97,33,86,66,61,40,64,41,91,51,42,4,11,26,14,64,93,73,80,37,72,62,17,67,71,60,42
49,41,92,36,93,9,35,87,44,21,7,89,80,99,97,15,33,37,45,49,91,94,42,11,33,99,11,31,52,81,19,57,33,13,90,57,99,6,54,34,79
71,68,83,82,78,40,22,82,16,59,20,4,11,69,38,54,8,75,50,38,7,31,66,68,70,11,97,66,3,5,88,47,85,92,29,64,89,54,93,88,70
34,66,67,35,94,97,29,26,21,52,74,97,81,13,2,63,84,51,90,89,4,3,43,94,23,64,67,62,51,50,94,84,86,8,78,67,50,59,37,60,1
43,27,40,97,98,96,34,16,94,34,92,90,81,54,34,65,17,61,83,42,87,85,75,92,71,59,87,18,35,13,59,63,9,92,76,75,33,35,84,64,3
5,29,32,84,45,49,94,17,41,65,46,56,43,17,72,61,18,41,34,88,27,23,56,38,43,14,58,88,63,58,4,38,45,27,22,33,37,81,44,61,72
21,24,82,30,56,83,49,6,61,50,67,19,22,1,26,28,5,1,31,39,34,42,11,51,96,84,48,45,29,49,82,7,28,73,96,57,96,41,6,32,35
82,78,72,52,20,1,95,89,37,51,13,4,33,15,64,50,72,91,50,94,88,72,90,77,22,45,37,82,25,23,16,13,95,41,75,22,5,63,17,31,19
5,1,52,73,82,28,94,39,20,88,8,81,98,84,39,98,12,88,67,38,14,84,1,7,6,27,66,31,7,48,32,52,10,7,48,41,88,85,64,89,62
22,17,36,73,81,80,92,52,55,42,24,6,75,45,20,35,35,13,55,80,15,19,99,91,99,67,33,20,60,40,58,18,9,88,60,30,16,89,17,20,81
7,34,16,75,33,61,89,69,65,79,76,16,63,63,3,95,89,35,59,90,28,71,11,11,92,44,8,2,14,19,38,69,67,75,45,29,86,49,7,34,62
83,41,74,5,93,38,31,60,64,45,83,1,64,20,83,41,81,77,3,40,53,99,57,16,36,54,99,44,97,6,74,58,92,41,51,18,4,27,52,91,53
42,27,45,27,46,7,67,62,97,25,35,33,1,15,53,84,10,69,53,42,80,51,57,81,46,55,1,70,77,2,83,27,75,24,56,87,5,51,10,65,79
46,96,38,68,40,24,86,83,81,38,94,91,67,76,17,93,57,15,72,32,72,45,16,41,32,19,6,46,53,41,9,42,37,35,43,67,50,64,65,2,35
77,1,42,50,16,53,36,66,40,90,23,50,50,79,90,26,35,39,69,15,5,36,13,81,23,46,90,1,6,27,38,36,17,32,91,13,63,68,94,30,14
11,34,94,93,91,2,56,37,9,19,63,31,42,99,51,72,93,17,52,8,27,22,52,64,94,84,67,72,7,23,13,18,35,18,12,46,50,8,33,44,93
41,96,78,25,90,67,85,32,3,53,80,13,20,40,19,51,44,83,7,65,36,17,60,95,30,22,54,97,29,68,16,73,56,39,43,41,35,92,86,26,73
30,84,82,44,70,67,50,87,82,21,83,11,44,36,63,38,31,11,52,24,89,19,21,20,80,7,45,59,30,62,21,68,97,79,29,98,89,23,7,55,57
70,24,80,31,61,44,11,20,55,17,36,99,92,14,41,90,89,70,16,75,93,38,28,58,25,21,15,48,75,79,7,23,78,42,78,89,42,7,24,33,66
47,88,74,15,21,36,84,67,98,68,80,58,51,66,38,27,46,62,28,63,45,76,8,83,70,62,54,61,90,2,17,14,85,3,37,98,91,69,97,16,46
46,94,57,52,37,86,43,32,85,31,34,66,12,54,46,38,26,80,51,12,65,14,10,41,34,26,5,44,15,59,62,79,23,6,84,51,89,62,77,69,92
93,78,75,60,63,19,64,69,91,80,35,66,36,10,68,37,18,59,33,66,91,79,10,99,41,59,85,58,50,63,31,32,86,98,33,7,18,15,43,22,92
44,22,65,15,87,72,35,54,97,35,45,66,43,35,19,39,29,81,72,58,57,45,36,71,10,59,99,86,30,80,33,20,22,67,71,50,62,74,35,43,10
66,33,80,80,94,15,3,90,20,20,45,95,22,50,28,78,43,61,48,59,74,22,31,8,36,48,81,95,74,71,84,12,48,65,59,68,40,5,3,99,80
93,74,29,39,91,13,21,75,71,23,55,45,15,82,28,69,29,84,14,29,58,87,3,75,25,77,19,72,73,2,99,76,58,31,44,20,54,31,82,42,74

The initial sequence dependent setup time of each job processed on machine 3.
(Where rows denote jobs: 1 to 40 and columns denote jobs: 0 to 40.For example:The value of Sijk is in row j,column i+1.)
99,23,79,77,27,85,84,62,98,76,28,24,56,48,25,30,1,94,20,34,69,20,50,7,16,74,97,60,2,95,85,48,54,28,20,65,55,21,30,33,96
29,8,28,50,9,82,98,25,48,33,92,82,38,41,57,45,13,30,98,6,77,85,79,15,50,91,68,1,40,79,42,49,88,65,96,47,72,28,45,10,71
49,68,50,21,87,21,7,18,34,13,49,42,71,85,93,57,58,52,40,47,40,9,8,95,15,18,55,83,24,29,19,31,56,15,41,33,45,47,4,64,26
27,75,7,15,74,91,51,58,5,61,88,14,56,20,61,47,24,88,4,27,13,8,16,79,91,38,28,40,1,45,96,86,29,82,9,5,74,87,37,75,13
69,34,46,83,65,55,26,31,85,10,97,46,8,99,35,33,58,99,59,51,87,76,99,57,22,24,60,54,37,50,76,16,83,64,95,20,36,63,89,97,73
92,5,10,43,7,57,50,7,68,8,11,55,22,30,30,81,63,74,56,92,14,9,31,5,34,32,17,24,12,39,70,52,56,9,69,57,1,31,92,3,32
10,92,44,30,61,67,56,69,28,75,21,41,33,96,90,50,11,62,57,17,2,63,1,34,66,7,69,92,73,1,59,64,75,19,5,70,52,83,14,29,38
1,17,73,27,57,19,68,66,2,21,33,77,10,96,83,73,79,39,18,52,62,18,32,22,90,70,66,69,48,97,18,56,23,87,65,49,54,30,56,82,91
47,35,79,88,66,41,95,30,11,95,71,14,10,49,70,87,92,98,56,92,56,47,11,57,16,32,95,99,74,70,34,1,46,98,57,18,3,86,3,27,38
84,81,3,90,56,47,80,79,46,22,98,58,67,82,82,4,22,21,66,22,16,13,17,21,93,97,64,14,89,62,29,67,78,20,99,7,17,21,53,66,3
79,66,92,29,60,69,11,76,81,81,63,67,66,22,21,26,88,64,60,23,56,7,24,98,38,91,9,7,98,60,50,56,24,4,39,91,41,25,93,82,91
46,30,44,60,20,98,38,81,48,23,31,70,47,95,97,58,59,51,92,33,85,32,86,45,82,9,87,84,50,61,42,78,80,69,70,91,26,74,31,54,63
74,79,87,60,66,11,73,34,50,56,60,43,94,58,61,58,66,56,15,77,13,47,73,88,87,82,9,91,53,6,23,43,91,37,39,71,98,96,75,60,67
17,66,88,82,21,63,87,89,93,61,75,80,15,6,2,90,39,73,97,76,87,46,13,90,32,21,58,97,25,62,7,1,44,63,15,31,19,85,75,81,49
17,55,90,33,50,72,75,67,26,22,21,89,80,48,14,48,10,45,39,98,58,24,53,12,82,66,40,62,81,51,55,70,60,63,73,97,63,49,75,22,12
40,88,1,28,69,94,49,62,60,11,93,55,46,21,76,90,13,25,80,82,62,51,72,39,58,78,42,50,21,5,8,87,80,6,28,80,83,4,18,93,49
73,94,15,29,14,79,69,66,32,56,62,78,63,91,2,68,12,36,74,48,9,62,9,99,87,91,73,79,29,98,38,65,38,65,10,22,43,81,29,21,87
68,28,90,61,84,19,63,33,85,58,45,75,57,86,76,80,31,5,56,52,69,98,94,69,17,14,55,34,44,81,26,22,36,48,12,68,5,48,45,91,97
87,13,66,75,44,95,21,62,35,6,86,17,21,18,60,53,73,64,45,66,15,23,70,54,70,9,39,4,18,48,99,65,14,80,84,25,87,7,28,65,26
13,14,62,65,79,28,22,24,34,57,53,68,81,51,38,47,21,43,21,23,42,27,24,29,82,32,60,13,54,44,42,79,20,21,50,31,24,58,44,55,82
26,66,88,43,92,51,43,73,16,31,74,11,26,61,33,49,14,70,93,67,96,41,68,46,42,44,8,63,16,66,73,45,71,6,44,26,53,30,21,36,62
20,66,68,81,56,37,97,36,80,30,75,58,87,66,82,66,22,63,9,97,93,62,48,53,14,38,38,74,8,53,46,91,75,44,17,55,83,32,20,3,99
4,12,81,93,42,45,11,57,85,86,63,47,10,53,22,64,35,89,91,43,46,27,55,32,4,83,58,43,51,79,67,67,42,24,30,19,19,51,94,4,62
36,75,67,69,97,77,70,44,94,80,67,48,33,8,13,50,32,54,71,4,44,2,51,82,53,43,87,71,75,65,12,75,16,91,3,54,7,27,2,93,17
96,40,34,2,92,76,13,8,15,19,41,14,35,77,42,15,17,60,62,78,23,9,20,72,4,70,88,59,23,39,80,77,78,77,49,62,76,1,85,80,82
34,6,22,3,27,13,58,23,52,97,13,61,25,73,18,23,73,83,87,93,93,80,50,74,56,10,37,32,51,31,34,7,40,89,75,72,43,35,27,72,35
26,64,39,85,57,33,41,62,95,41,18,52,89,95,89,82,55,99,91,44,74,16,99,2,68,26,47,11,36,91,71,7,27,22,66,60,9,30,72,54,5
64,4,90,64,2,95,14,9,79,4,64,62,6,27,64,4,2,88,59,93,25,41,12,94,84,2,36,16,88,70,49,72,41,87,21,4,45,13,1,60,36
78,15,94,17,14,73,15,74,17,92,51,53,36,87,20,75,41,37,33,91,39,64,38,23,48,90,98,53,58,61,20,17,30,30,28,20,63,13,27,54,52
44,99,75,23,23,52,71,20,62,45,11,97,66,74,77,82,23,85,73,2,53,65,30,80,64,75,66,61,79,61,27,72,90,8,12,76,59,25,38,78,2
27,62,4,63,67,86,65,6,91,40,80,34,49,41,81,54,79,4,44,2,36,67,98,24,53,76,13,41,94,43,1,36,45,59,67,28,73,79,23,40,59
17,52,67,40,2,89,64,43,60,18,81,31,95,17,68,81,84,20,27,77,73,72,64,31,97,26,78,20,44,24,60,59,98,41,39,45,74,98,55,17,94
3,50,21,28,60,37,13,81,55,32,17,57,2,47,62,32,31,43,91,19,19,34,27,59,3,62,89,72,57,60,77,86,63,96,38,48,29,73,24,30,87
85,97,21,14,73,57,86,57,99,45,65,1,38,31,24,7,45,13,41,24,11,94,61,95,55,8,63,40,47,55,26,91,46,80,17,50,56,11,11,19,80
32,28,68,52,41,65,71,62,62,9,88,17,80,29,21,45,77,19,94,84,79,14,48,45,29,40,33,38,24,68,38,28,26,18,56,9,88,20,18,46,11
68,58,80,56,73,38,86,54,8,7,51,10,23,9,20,24,88,90,90,35,48,88,15,2,39,87,55,45,26,53,31,13,44,30,82,7,19,64,24,65,72
28,6,53,63,32,93,35,18,80,2,43,97,61,11,41,86,51,3,74,97,29,53,55,22,85,95,44,20,72,38,34,26,50,12,71,68,27,84,2,86,14
12,40,16,49,67,18,45,20,61,83,47,40,66,44,18,2,82,94,71,82,67,81,44,39,89,79,64,38,56,95,47,60,1,5,50,27,90,80,9,57,88
60,47,15,6,43,63,88,95,39,96,94,45,63,65,50,2,61,32,46,39,79,32,86,26,23,13,47,99,14,47,55,67,80,66,29,44,74,44,97,38,19
52,54,18,17,89,47,31,70,49,9,73,13,88,65,51,36,91,67,90,24,28,85,43,22,43,50,89,21,40,23,68,87,36,86,8,52,64,90,81,42,11

The initial sequence dependent setup time of each job processed on machine 4.
(Where rows denote jobs: 1 to 40 and columns denote jobs: 0 to 40.For example:The value of Sijk is in row j,column i+1.)
25,46,21,47,88,62,29,54,69,22,62,69,80,13,6,24,48,70,34,24,95,48,26,29,9,20,70,59,65,35,27,46,33,50,6,9,61,59,82,7,15
59,10,44,61,50,1,41,92,9,78,53,19,82,21,26,4,6,2,71,48,21,74,91,33,62,85,71,80,54,21,85,21,72,49,36,78,94,48,48,81,82
62,68,88,13,57,23,99,29,36,80,3,77,80,48,89,41,43,1,92,97,66,9,10,56,97,75,26,90,10,86,26,21,64,49,81,46,44,54,81,67,19
64,69,29,64,90,54,21,46,74,90,1,74,6,67,34,52,59,20,65,58,79,97,23,28,46,71,76,44,53,90,77,65,44,92,76,58,51,19,81,11,63
91,95,10,27,72,92,59,92,69,5,76,96,78,35,98,47,83,4,9,58,14,69,92,17,94,14,16,97,86,80,24,89,31,33,50,50,48,82,97,62,13
16,71,10,78,45,91,44,31,90,69,52,5,26,24,66,46,91,53,29,46,70,90,59,45,69,42,32,61,38,89,77,57,8,82,93,19,13,12,15,42,36
44,4,54,91,28,49,36,71,62,67,2,29,62,90,19,20,74,26,88,59,78,34,81,30,13,45,90,92,60,21,37,27,9,3,93,49,99,25,58,49,76
20,56,77,9,43,55,22,32,69,30,58,83,12,71,89,58,93,79,47,52,70,88,12,78,66,87,40,99,34,47,84,36,16,15,79,25,87,75,38,34,10
13,88,69,45,78,20,23,63,64,13,19,48,42,44,82,41,50,19,88,42,88,65,32,34,94,25,26,52,75,14,66,84,2,25,2,91,79,35,39,72,40
71,89,97,16,6,73,15,94,84,74,12,79,40,9,34,33,29,62,45,20,66,72,64,82,66,35,14,22,22,46,57,3,47,33,73,19,63,87,37,59,94
73,21,92,90,40,46,49,85,20,60,23,23,45,91,86,41,49,48,67,53,96,34,10,14,9,70,39,40,40,60,34,98,74,37,28,29,90,82,93,90,96
86,82,55,5,66,37,26,4,11,29,16,68,31,78,16,76,67,25,11,57,97,73,31,92,96,72,33,16,62,61,35,52,24,14,87,64,57,63,91,86,54
4,85,67,20,36,82,18,79,76,62,3,89,19,34,53,25,26,49,6,88,62,41,31,11,63,52,47,27,49,10,55,7,47,48,73,42,56,68,97,93,74
91,74,57,73,11,88,91,17,91,19,27,55,45,94,80,25,71,12,84,6,42,95,95,34,32,98,60,70,41,89,74,47,49,72,43,46,17,48,4,4,23
74,90,45,97,17,90,38,38,59,6,9,23,82,18,5,7,37,65,26,12,70,68,45,17,88,48,59,97,80,27,57,11,79,91,34,46,19,27,42,49,28
98,82,77,97,36,94,71,29,44,48,21,64,59,56,35,43,27,12,18,66,81,68,64,24,74,94,27,89,85,12,70,61,8,88,39,56,26,51,54,16,59
78,84,95,56,68,46,28,68,8,43,87,78,43,57,35,69,77,6,38,22,24,85,36,76,31,39,13,6,81,40,52,1,22,7,6,14,57,83,28,26,59
40,7,40,92,68,20,91,15,12,65,94,47,41,27,95,43,73,66,49,22,59,78,69,69,71,88,31,79,61,57,47,33,4,64,46,30,78,31,11,68,40
85,10,51,73,73,21,47,10,79,84,69,39,99,50,89,65,10,4,89,27,61,10,62,49,76,52,74,24,76,79,13,7,11,23,39,57,3,4,88,9,57
46,52,67,60,61,82,17,78,56,48,53,96,55,23,73,71,23,22,83,23,13,71,83,58,40,3,55,23,73,88,6,88,63,79,50,26,17,62,52,84,61
57,59,40,51,91,70,23,67,88,42,70,36,60,50,72,25,96,78,31,50,92,36,37,87,96,25,52,57,8,33,50,54,22,64,65,33,58,64,97,79,93
29,7,29,71,7,25,3,74,9,14,2,25,79,12,48,87,90,58,97,35,88,28,19,81,68,87,42,93,68,11,40,3,15,72,29,65,60,21,53,47,18
61,74,67,71,12,51,32,62,21,51,48,78,73,56,69,18,26,82,59,36,88,39,38,68,85,32,32,31,14,13,62,15,28,63,14,85,57,60,62,97,99
24,22,3,10,13,20,10,41,77,12,26,93,56,90,87,35,49,6,80,84,84,44,19,1,84,65,30,17,67,42,45,79,15,87,93,30,54,97,84,52,85
19,72,96,13,41,19,97,30,54,55,44,51,8,35,51,55,73,58,73,71,40,7,16,39,77,84,97,75,54,16,55,4,88,72,11,27,96,70,33,3,98
31,49,21,6,15,27,23,49,53,86,7,57,8,64,4,49,52,49,4,70,54,76,64,12,66,14,17,94,33,76,89,15,36,83,51,63,39,52,93,30,30
7,98,61,4,38,35,66,10,19,75,61,92,93,61,89,24,67,52,71,25,36,7,10,56,97,20,78,9,56,50,14,65,46,12,51,87,85,82,72,63,50
55,38,72,81,39,98,39,75,59,68,77,66,49,71,23,22,36,5,72,45,50,54,49,96,70,61,12,24,26,60,71,48,69,79,24,60,8,85,91,98,67
66,44,67,55,25,38,81,7,42,21,76,81,56,65,24,58,5,39,41,31,86,95,15,47,25,1,48,48,7,6,29,6,42,71,63,48,88,39,40,52,65
6,94,86,59,2,98,89,71,39,47,17,10,84,22,12,12,28,2,84,60,14,55,72,71,17,42,29,18,96,17,51,80,51,16,45,31,74,57,9,79,80
99,16,49,23,14,2,13,42,32,51,34,32,56,57,72,70,19,2,55,30,1,24,13,40,51,95,55,88,27,74,5,27,57,55,88,26,62,12,51,23,85
57,17,33,61,51,98,76,78,75,99,30,30,8,24,87,17,6,9,70,20,86,83,1,5,82,32,6,19,6,34,2,10,25,54,42,92,35,24,88,22,98
83,16,44,50,44,4,21,28,91,1,14,21,21,53,75,30,93,70,86,81,72,51,5,2,82,11,17,78,1,75,97,59,22,27,33,93,96,79,29,30,66
18,91,2,53,98,7,14,95,31,59,74,61,13,83,59,82,18,17,65,76,81,30,67,5,56,68,89,48,45,20,48,14,93,82,64,84,33,9,74,48,47
57,28,8,46,61,27,21,23,14,75,85,99,25,92,41,61,15,55,79,31,74,84,46,57,67,48,55,14,7,59,87,90,10,75,7,99,5,7,47,19,48
5,50,90,70,19,57,6,22,99,95,8,97,92,77,67,51,62,46,38,3,79,17,30,77,80,36,45,4,51,74,92,18,97,63,57,28,5,2,67,2,20
37,32,13,3,74,91,79,81,45,20,10,27,76,62,20,56,76,77,8,97,63,23,3,33,75,81,93,21,74,37,74,6,33,40,35,67,1,69,60,21,6
99,67,18,93,92,89,1,48,2,94,76,97,70,69,85,8,47,36,98,81,64,39,79,36,68,52,35,47,5,54,73,12,81,70,83,98,28,12,80,85,95
5,43,10,42,42,54,53,54,39,11,67,89,25,61,89,51,46,75,32,72,84,15,39,55,46,2,7,29,31,80,2,3,5,38,43,12,63,73,36,9,78
86,19,19,33,24,71,28,48,55,2,80,53,15,82,29,6,26,65,19,35,94,10,86,77,87,75,75,91,58,61,72,65,97,77,80,51,80,6,90,56,55

The initial sequence dependent setup time of each job processed on machine 5.
(Where rows denote jobs: 1 to 40 and columns denote jobs: 0 to 40.For example:The value of Sijk is in row j,column i+1.)
23,69,90,2,97,24,18,71,46,90,64,61,60,56,68,27,68,77,55,71,23,22,95,34,64,23,42,72,5,55,62,30,46,99,86,9,86,41,94,16,4
60,10,58,98,5,67,18,34,18,70,63,58,33,89,39,79,46,80,29,7,57,47,85,71,87,13,25,48,20,17,44,72,89,84,13,38,98,97,62,32,70
90,14,60,60,94,39,4,85,7,2,4,67,48,95,79,42,35,83,67,83,99,28,18,15,87,60,31,37,80,86,23,72,58,55,84,53,25,12,2,12,11
65,66,2,80,76,69,68,56,63,88,86,99,79,43,72,89,51,23,88,3,2,19,35,55,79,83,7,20,42,98,79,77,11,84,52,49,64,25,6,55,68
68,6,18,53,19,40,46,66,36,50,12,54,66,10,89,64,31,53,1,85,20,67,75,51,95,93,17,33,66,35,74,98,4,43,23,46,15,25,82,13,96
9,57,16,42,22,27,74,30,87,61,54,40,70,22,29,36,59,46,61,62,26,92,13,62,32,66,59,27,56,68,75,48,12,76,34,48,49,21,18,43,21
44,12,61,88,77,60,62,68,74,5,86,9,67,17,50,40,97,45,71,2,70,76,31,47,59,58,16,38,18,22,91,16,13,96,44,8,8,16,74,63,54
6,59,75,88,24,72,90,89,26,57,81,62,27,45,79,12,36,39,35,86,11,6,65,84,9,35,67,48,53,28,44,78,5,59,45,97,63,59,16,26,44
42,2,54,57,86,30,37,80,33,65,20,70,74,22,49,94,22,59,45,21,72,93,85,80,92,97,46,44,37,93,44,14,41,69,21,51,94,68,18,56,54
59,47,22,8,93,60,40,79,8,28,79,61,66,13,90,62,19,92,76,41,16,53,85,35,17,56,36,3,41,93,60,23,85,22,39,61,29,21,84,34,10
64,89,28,12,67,2,62,63,40,63,72,52,46,97,65,81,69,18,90,6,57,55,52,62,67,72,60,15,97,35,95,59,39,79,17,43,62,96,73,38,12
60,75,82,87,97,29,59,28,29,24,40,89,6,11,61,56,62,27,11,55,68,87,35,66,98,95,29,98,41,23,89,72,18,70,5,44,76,45,3,2,53
95,11,98,13,63,39,17,47,92,18,36,78,6,39,20,28,12,55,81,24,73,33,25,54,85,44,58,50,37,1,59,9,98,54,75,3,15,42,69,95,14
23,10,59,52,88,4,59,17,3,66,41,69,30,85,18,44,71,86,87,34,85,90,28,38,39,48,90,45,7,43,65,37,3,44,5,86,36,17,67,27,75
15,84,39,64,24,29,17,34,94,32,95,86,55,42,48,91,21,62,22,96,56,70,67,5,35,43,52,96,93,9,56,69,15,29,36,93,69,68,67,37,81
36,46,19,52,30,96,95,72,68,43,53,24,50,83,26,69,79,25,85,41,7,8,47,42,73,69,65,23,38,30,45,73,78,10,64,48,18,92,55,98,88
69,36,38,80,31,83,3,70,96,28,85,91,50,93,94,34,7,98,78,32,30,83,62,35,65,30,31,11,89,31,21,21,23,41,74,71,10,35,36,60,76
23,47,90,62,97,36,80,3,95,73,47,18,21,58,18,7,62,53,27,77,79,85,13,82,18,30,38,78,35,11,51,93,15,51,39,19,13,10,90,19,2
61,18,31,25,92,79,60,27,20,79,53,27,67,44,68,90,59,1,29,61,29,41,57,78,49,27,96,9,90,67,89,98,50,6,5,96,87,73,71,10,91
15,55,29,21,68,80,68,55,31,92,81,51,45,73,39,1,19,47,35,62,98,97,86,85,4,86,59,20,41,19,20,14,11,11,95,45,36,85,26,33,56
56,69,65,75,67,30,21,96,72,44,94,14,99,33,88,87,73,30,93,73,35,59,86,3,48,72,44,54,90,46,93,72,33,91,23,49,4,51,74,67,81
73,42,46,98,31,51,89,84,66,69,48,65,74,22,58,95,12,51,85,21,79,14,21,79,98,84,72,33,82,38,96,85,86,82,21,95,82,69,27,64,18
46,1,30,14,79,4,2,3,32,68,87,44,58,61,35,52,36,96,47,55,47,1,18,36,12,73,35,23,35,52,32,67,23,90,61,88,51,42,73,26,17
44,98,49,47,71,26,27,46,79,9,62,78,55,65,70,12,64,97,87,11,75,2,34,40,29,22,45,45,45,3,10,71,95,18,14,28,25,59,91,11,5
85,86,91,34,32,11,33,81,71,53,68,18,53,46,92,25,53,43,2,50,15,79,5,58,34,45,31,82,31,45,17,59,91,94,56,81,68,28,28,86,8
54,87,34,42,20,63,14,82,46,77,96,62,14,73,79,97,72,94,96,62,64,14,59,84,84,38,1,32,80,74,7,45,58,3,42,40,10,1,19,14,50
60,49,11,66,1,5,88,14,67,43,41,55,81,17,43,86,68,68,66,55,40,37,34,58,53,15,90,13,74,88,44,82,78,55,57,78,28,27,33,28,57
39,77,27,28,57,19,73,21,98,38,56,95,77,77,88,8,77,87,21,16,77,80,23,32,19,52,60,48,23,74,45,8,51,77,10,11,49,75,75,86,63
16,86,28,34,23,18,92,49,50,32,50,82,58,32,75,56,41,55,61,92,68,29,39,35,55,7,21,27,85,12,6,31,65,56,66,55,23,60,85,27,44
72,35,37,3,94,98,83,99,64,49,90,25,84,25,48,4,11,48,57,78,31,9,30,22,28,43,68,33,62,1,23,9,67,46,92,39,62,6,3,44,84
42,36,1,78,41,91,82,47,70,38,5,23,59,22,97,35,92,81,35,84,68,43,4,16,89,45,29,86,40,34,10,90,83,87,78,1,4,96,6,28,78
39,89,1,56,83,60,6,83,53,92,57,15,49,16,10,27,55,22,59,76,87,19,76,13,67,95,24,40,83,16,90,83,59,16,17,76,31,30,85,96,3
62,92,81,10,45,47,35,60,48,20,83,83,20,48,45,47,49,10,83,83,57,5,22,10,66,33,40,64,65,87,51,93,48,91,98,19,59,75,42,98,92
82,74,60,44,94,28,5,93,52,22,1,94,48,24,72,20,71,53,24,38,23,67,19,54,26,90,63,70,43,87,2,23,78,78,96,68,72,75,27,68,8
72,17,73,8,4,26,84,6,34,5,16,53,56,34,22,95,49,97,9,50,78,48,43,25,35,27,87,15,29,45,66,11,97,10,11,25,33,29,12,67,20
55,74,44,74,59,26,6,68,58,32,5,57,62,87,12,27,58,26,35,46,69,92,67,33,75,97,14,96,6,84,89,41,61,70,96,33,12,39,31,23,18
90,38,17,77,6,41,72,50,12,78,76,26,17,5,61,23,88,60,5,36,79,19,75,67,18,87,81,48,61,42,81,3,88,18,10,18,54,16,78,76,44
74,78,94,86,13,54,8,83,61,80,65,10,69,83,24,89,60,87,52,53,44,48,75,86,63,84,28,35,47,99,67,36,2,76,24,34,71,25,32,28,68
34,51,99,74,16,82,29,36,52,6,6,81,7,13,68,2,24,75,15,63,57,13,51,36,83,93,63,61,47,3,98,73,99,73,87,25,5,5,12,75,51
37,71,5,53,16,56,69,95,53,81,3,71,3,29,38,64,8,64,69,3,39,19,44,87,57,92,92,64,11,26,27,43,52,50,29,66,10,76,56,17,17

The initial sequence dependent setup time of each job processed on machine 6.
(Where rows denote jobs: 1 to 40 and columns denote jobs: 0 to 40.For example:The value of Sijk is in row j,column i+1.)
78,21,28,60,65,30,17,27,8,61,30,65,98,17,18,38,8,34,89,14,13,97,54,55,73,45,35,27,18,94,38,57,5,81,37,47,17,20,77,69,48
11,76,74,30,81,98,15,79,89,35,92,91,60,71,51,67,67,87,53,25,51,54,45,8,85,52,83,86,11,79,25,8,84,79,87,15,71,67,96,65,63
86,5,91,21,74,88,82,39,77,47,8,26,97,88,42,96,11,91,62,23,59,13,60,93,63,68,36,97,61,7,85,78,19,18,52,87,39,4,26,21,39
36,55,43,90,16,7,22,4,21,18,85,46,99,63,40,57,46,95,66,44,49,5,82,1,58,33,45,75,83,34,85,4,97,6,21,7,56,95,73,45,23
61,41,48,34,63,47,61,31,14,16,54,56,55,65,1,14,60,28,70,9,58,88,29,20,53,78,94,62,56,49,31,92,24,30,55,29,21,29,22,9,80
35,44,90,41,87,30,17,5,13,97,92,56,72,52,86,63,34,97,45,40,24,2,38,98,74,9,13,44,42,23,71,14,86,10,37,17,88,73,30,19,40
14,3,81,15,48,42,64,38,62,58,86,83,94,21,99,86,77,70,25,12,5,61,92,64,8,12,60,78,5,26,42,45,22,83,28,11,67,29,40,96,84
50,63,61,17,1,51,14,83,79,24,28,10,85,45,62,58,26,68,96,8,3,58,48,49,8,74,56,37,53,73,95,38,78,90,6,31,34,42,61,10,82
1,2,84,8,38,6,94,89,14,91,57,85,58,81,23,97,7,12,67,63,62,21,98,97,28,35,38,90,86,2,23,68,31,6,67,49,6,26,87,60,63
19,32,42,56,25,53,56,35,1,15,70,39,47,56,66,87,2,12,56,21,77,46,46,35,91,4,76,80,95,51,96,47,63,86,95,98,72,44,91,56,5
42,95,91,20,24,83,93,88,33,20,96,46,61,58,21,86,54,72,14,18,48,86,51,4,30,34,88,77,60,9,43,17,71,80,85,9,21,35,48,36,3
49,42,98,37,25,94,74,15,64,69,61,15,31,23,56,99,27,60,45,29,3,54,1,61,28,31,22,72,56,22,20,26,63,52,6,91,50,54,62,22,17
39,6,10,56,94,5,3,83,12,60,4,95,29,18,1,11,29,71,63,78,61,57,92,13,22,18,77,69,97,94,17,11,88,81,36,20,77,83,94,53,77
58,55,75,56,9,30,22,18,31,95,5,7,88,76,65,45,46,25,8,42,69,70,83,53,1,48,8,54,38,95,13,99,10,49,76,85,66,54,40,26,57
15,5,69,8,55,58,32,84,47,97,67,72,9,61,62,57,97,40,64,41,88,43,69,35,52,75,31,56,86,32,92,24,43,28,21,55,1,26,42,58,75
48,69,41,46,76,6,97,26,43,64,67,93,62,19,32,88,47,10,10,75,30,3,3,79,9,25,94,93,87,74,78,4,20,77,56,3,64,96,53,59,77
70,38,80,13,68,3,92,88,7,79,17,92,34,30,51,34,95,82,99,98,30,69,86,1,50,4,44,26,36,68,88,66,82,43,71,35,35,87,65,1,75
79,57,31,75,55,59,49,1,17,54,54,49,62,91,84,10,93,37,59,42,20,87,61,89,51,64,18,22,79,81,41,5,73,1,78,36,76,86,15,86,91
20,23,66,68,36,64,68,84,45,78,36,90,99,35,42,97,45,87,59,43,82,14,36,76,42,65,91,24,17,92,86,54,57,24,75,70,64,61,97,38,57
67,93,87,76,99,11,79,49,48,58,62,25,16,56,8,11,68,8,94,43,97,35,35,54,80,76,44,81,95,63,71,27,10,31,20,78,78,21,36,85,96
93,9,41,71,46,9,12,86,50,85,60,84,17,10,85,93,35,87,96,33,13,62,36,11,85,83,33,53,56,31,1,69,94,23,5,89,52,49,11,97,75
13,93,81,67,2,1,33,85,9,48,29,47,62,97,61,58,17,1,10,26,22,42,78,68,99,50,81,83,24,63,47,38,36,31,42,52,35,1,42,61,69
94,91,68,71,31,52,84,38,73,94,62,21,9,70,97,15,92,91,7,74,10,62,11,32,98,87,67,38,22,62,61,71,92,73,64,24,93,17,24,56,54
19,13,59,27,23,5,53,74,71,62,42,65,55,2,38,53,86,85,56,89,44,48,64,44,89,92,24,84,99,48,34,71,46,62,23,99,74,91,14,63,34
56,85,18,79,66,62,66,8,25,7,51,64,70,22,99,63,25,88,78,45,62,84,78,6,81,77,81,38,34,72,8,85,8,32,69,45,83,28,80,2,79
56,26,48,26,83,31,87,33,44,19,22,16,5,43,13,31,93,7,1,77,72,57,44,48,97,87,24,98,19,35,52,3,30,25,77,90,45,88,69,17,80
9,49,9,74,3,67,89,13,18,63,54,24,52,65,94,3,50,80,30,88,95,60,79,35,22,37,63,32,28,64,4,18,41,31,1,4,62,82,11,9,75
69,58,31,54,75,3,74,63,47,94,74,11,89,52,14,47,21,10,35,98,27,48,86,35,42,27,67,96,99,25,8,10,96,57,50,55,5,88,95,5,43
19,73,83,74,57,11,56,9,63,76,89,96,55,13,39,31,25,1,48,83,93,20,8,55,29,38,18,38,8,37,5,95,23,29,10,61,36,46,38,72,24
9,99,98,94,95,99,94,3,77,58,49,11,90,65,28,57,35,6,42,86,94,87,72,50,40,63,56,8,39,48,68,27,39,75,58,12,13,48,99,55,31
76,6,7,43,37,16,47,83,78,53,18,4,82,87,45,6,54,52,76,2,36,45,30,83,38,88,37,35,47,49,16,76,47,62,15,79,62,36,47,54,80
49,46,27,94,51,41,68,79,47,31,13,42,86,70,2,49,48,19,99,86,33,2,13,11,8,45,37,2,4,80,43,30,44,33,77,78,59,72,2,49,4
52,59,40,26,50,64,11,37,90,47,20,22,72,29,67,43,99,26,42,60,38,65,70,66,14,34,45,69,65,7,75,37,85,2,26,17,65,67,4,4,25
84,35,20,13,20,7,80,94,93,70,74,41,32,86,98,69,15,88,26,98,8,87,96,22,84,4,3,57,4,71,54,97,47,96,16,93,48,68,19,45,83
50,34,70,49,19,92,73,27,19,75,89,5,77,37,46,5,2,96,14,56,34,21,44,60,94,47,73,82,89,91,63,53,14,49,44,80,87,84,34,15,91
10,54,5,21,94,54,75,87,80,5,83,36,90,87,77,71,42,4,85,70,96,98,85,23,17,91,59,15,21,37,73,2,93,56,21,73,51,77,32,34,68
37,43,34,37,54,24,7,88,86,44,75,81,82,72,60,57,54,16,30,14,67,20,14,63,83,70,23,42,99,55,11,75,66,93,77,70,63,19,50,52,19
14,10,68,17,21,19,21,53,83,69,3,11,35,87,92,9,90,32,14,51,28,53,35,89,37,27,61,54,30,33,5,11,31,80,70,13,10,56,46,87,11
47,94,66,71,14,8,35,46,36,47,46,66,15,62,58,26,80,23,78,87,2,60,9,80,7,75,52,45,70,92,66,59,49,8,27,14,65,45,69,72,27
54,97,21,67,23,66,66,92,20,67,65,41,51,46,48,24,10,63,24,2,79,63,6,25,38,94,97,92,55,12,77,67,25,47,89,30,8,22,79,50,59

The initial sequence dependent setup time of each job processed on machine 7.
(Where rows denote jobs: 1 to 40 and columns denote jobs: 0 to 40.For example:The value of Sijk is in row j,column i+1.)
65,79,65,90,56,28,39,3,24,46,11,32,39,18,71,92,82,6,80,61,7,89,70,23,57,31,64,86,63,8,40,60,10,79,42,9,78,17,23,72,2
84,36,54,58,51,20,98,4,58,99,46,68,90,20,31,56,56,19,55,11,58,76,34,53,83,48,30,75,36,98,69,74,20,95,23,15,24,41,94,10,20
54,41,86,79,41,37,29,29,18,15,30,18,80,17,61,79,49,89,45,63,67,10,32,82,80,16,59,4,19,21,54,77,46,99,44,45,4,56,30,37,47
7,77,32,81,88,85,76,57,22,63,89,64,46,29,19,85,66,58,32,32,29,91,4,26,63,87,58,77,29,75,46,79,67,60,81,15,79,43,57,37,42
63,20,33,67,68,8,38,62,24,40,26,87,12,20,61,65,34,90,32,82,29,34,71,44,66,5,72,7,36,24,91,86,21,81,54,70,48,5,96,53,92
78,68,5,81,77,78,88,73,58,81,31,56,52,10,78,8,55,36,57,77,54,94,67,60,48,51,56,36,88,53,88,1,98,70,64,55,98,65,49,70,77
64,11,67,20,69,40,45,48,34,73,87,74,68,46,33,42,71,48,37,74,6,57,97,98,57,3,75,83,18,21,89,30,2,98,2,84,92,56,41,24,34
7,37,70,15,85,23,25,10,10,38,34,90,73,93,35,90,22,73,17,34,54,22,22,50,64,81,29,66,90,73,11,42,21,35,40,84,85,92,95,14,23
13,64,68,98,62,68,58,81,59,56,77,78,99,15,82,89,53,25,20,20,24,24,50,58,26,90,87,55,40,36,4,22,22,91,91,56,72,16,64,73,3
46,84,34,44,37,42,40,25,83,56,54,3,12,95,4,25,56,49,33,50,90,49,96,4,46,6,82,41,47,12,57,9,48,32,31,85,44,48,91,87,57
55,81,5,51,65,63,12,19,21,32,11,65,17,69,75,44,31,80,24,86,19,60,33,81,25,8,5,55,93,8,34,21,30,72,41,50,49,75,38,43,35
64,11,97,77,40,11,47,65,63,3,6,92,15,68,5,13,72,39,91,29,70,6,89,66,83,2,82,70,40,64,72,42,1,34,30,53,82,66,85,55,1
82,10,80,20,90,26,92,90,95,65,72,30,55,53,64,56,5,20,25,19,90,54,46,60,59,48,57,83,14,59,65,70,2,20,83,30,45,83,71,93,22
61,39,8,45,59,46,96,42,42,38,83,27,40,71,64,20,5,15,83,63,8,63,1,3,46,41,82,61,57,6,36,82,90,16,90,79,75,25,22,14,4
50,14,26,9,8,56,35,8,20,95,3,37,72,86,79,37,13,66,18,1,89,96,57,64,88,10,7,67,25,63,36,72,93,70,1,85,96,70,22,17,77
46,24,78,68,53,5,5,10,56,59,49,39,81,29,79,7,77,59,63,49,72,66,48,42,14,65,49,9,30,44,72,4,1,21,49,23,62,30,75,57,15
78,26,14,84,74,86,20,9,28,73,92,86,86,49,58,65,23,57,99,39,79,25,16,23,7,43,40,52,15,27,62,58,90,27,97,18,7,9,96,15,61
23,18,69,80,91,51,36,92,5,84,71,13,28,53,62,98,94,11,64,43,27,70,15,82,86,44,24,40,86,22,84,65,30,82,21,78,99,64,6,20,75
25,12,89,99,70,87,92,39,47,39,6,77,16,9,86,54,95,69,60,81,30,47,97,91,96,74,29,38,70,96,56,18,75,62,53,68,30,60,2,54,43
63,87,35,57,21,98,17,23,1,80,20,31,7,21,32,9,35,75,10,37,95,78,67,64,50,89,82,9,18,23,57,47,77,65,39,17,10,32,38,46,29
26,65,56,2,93,59,20,22,16,55,15,27,20,34,87,62,53,87,73,99,5,6,88,33,64,6,20,24,90,84,67,92,75,95,90,46,66,47,18,99,53
75,44,34,69,42,13,87,56,70,7,79,75,28,7,84,46,34,88,86,49,10,10,86,40,55,59,95,63,6,44,79,44,79,72,91,64,33,96,24,96,70
69,47,69,60,58,14,36,71,90,56,22,37,17,82,19,96,5,2,93,4,98,69,80,66,72,61,54,68,42,2,12,21,88,54,3,28,96,27,35,18,37
72,87,54,84,98,37,97,80,61,80,94,13,59,30,52,36,95,55,42,29,18,88,5,57,54,80,2,28,76,64,17,26,74,5,80,25,75,33,21,64,97
9,83,73,98,5,96,37,48,29,49,54,51,18,56,10,65,65,6,67,13,93,78,13,49,35,61,53,67,18,51,8,43,11,54,24,10,33,84,74,81,84
52,43,78,85,57,27,78,7,44,3,69,42,45,95,40,17,2,76,28,26,43,16,25,77,45,79,35,13,83,62,80,64,60,53,41,75,64,29,94,64,75
31,29,41,92,72,41,57,89,5,29,5,15,56,3,67,97,18,50,35,21,13,2,58,49,35,81,21,54,40,28,45,38,80,56,74,59,68,90,18,13,16
22,19,92,17,85,23,29,66,73,11,81,43,25,70,51,79,6,50,44,27,70,44,40,12,98,82,92,2,86,55,95,23,30,38,53,70,68,49,78,44,45
3,65,54,75,12,21,48,25,51,49,61,88,26,29,31,35,39,25,26,20,11,71,46,73,2,37,14,17,8,84,20,77,96,53,45,42,95,24,48,66,31
22,63,35,26,16,35,45,81,76,10,54,94,4,4,16,39,61,83,82,77,41,72,21,40,98,53,39,96,95,25,13,51,46,35,17,66,39,18,45,84,77
47,44,26,35,85,88,30,81,44,32,97,99,31,59,71,11,60,58,11,42,91,68,47,64,2,78,84,93,47,32,23,4,13,30,43,35,61,57,86,24,85
81,67,37,84,72,73,58,71,79,46,86,4,46,71,41,44,5,29,4,47,11,61,81,56,22,12,51,25,77,7,20,17,35,74,12,55,39,47,79,28,88
25,62,1,70,33,88,47,33,17,31,17,36,78,17,74,77,85,12,62,10,33,74,28,4,66,63,13,92,20,4,91,70,83,35,70,53,15,56,81,93,36
41,82,70,3,78,87,60,12,48,80,28,20,60,10,49,64,85,86,65,41,56,18,62,39,73,17,71,88,14,18,41,30,98,76,6,84,10,99,81,65,76
27,95,83,77,69,39,69,40,80,71,53,73,60,83,63,45,60,1,75,19,71,28,44,18,77,68,79,60,18,62,46,93,59,53,32,92,41,29,85,19,79
32,69,1,86,11,65,95,3,12,82,8,23,96,28,32,95,62,48,79,48,47,89,11,64,33,35,27,24,48,30,83,35,14,13,51,91,42,60,46,20,71
87,48,26,56,53,36,9,12,82,41,4,3,51,59,73,70,58,22,9,41,95,80,79,85,79,38,50,17,3,97,77,88,19,62,89,27,81,34,10,36,11
30,60,30,74,14,52,44,61,49,58,12,87,10,47,49,31,82,12,12,92,65,46,68,39,16,84,36,66,65,91,92,54,98,34,23,86,87,19,71,62,78
98,60,16,94,51,55,36,63,25,38,20,79,8,29,64,87,88,57,89,91,2,97,50,99,11,94,86,31,23,94,46,14,91,92,68,32,44,82,74,43,15
64,93,7,20,12,39,77,30,39,81,6,85,2,54,41,52,81,23,24,28,33,8,74,10,91,29,47,74,73,54,93,29,32,18,80,81,48,11,56,95,81

The initial sequence dependent setup time of each job processed on machine 8.
(Where rows denote jobs: 1 to 40 and columns denote jobs: 0 to 40.For example:The value of Sijk is in row j,column i+1.)
2,75,63,96,24,90,17,54,28,95,62,31,39,81,20,30,46,19,75,62,61,41,90,66,42,44,45,39,44,25,26,42,34,93,13,54,18,98,23,81,37
76,84,44,80,29,90,94,91,74,20,3,7,17,35,56,5,1,5,23,94,64,26,23,93,95,7,42,54,56,71,91,87,44,71,7,80,78,14,5,57,25
1,41,34,4,38,85,58,61,65,78,53,50,94,23,42,42,98,58,18,7,7,49,48,72,7,44,23,29,71,65,83,49,35,96,76,16,13,27,32,68,66
31,84,64,75,5,61,15,79,39,90,78,91,91,78,94,12,29,23,57,24,99,55,40,45,96,99,34,57,23,83,53,58,45,9,76,61,88,87,74,65,24
75,17,95,29,95,5,19,36,66,58,27,14,93,21,80,78,65,90,89,57,35,67,57,41,48,82,97,58,6,22,30,11,37,9,37,58,81,66,85,30,80
63,78,54,77,29,34,45,14,92,23,64,90,87,32,87,82,95,71,96,17,5,92,46,90,52,85,36,73,81,66,36,25,15,36,76,73,11,3,14,78,92
64,28,74,64,52,61,92,97,90,7,59,90,34,42,73,91,43,88,83,60,19,88,34,11,73,46,36,79,88,66,53,78,44,74,50,40,66,42,9,63,47
77,64,92,19,90,77,34,42,6,55,84,52,79,79,97,20,61,72,89,88,70,15,74,27,93,26,18,58,63,82,91,16,87,50,1,28,15,24,5,86,41
39,91,26,85,96,38,43,7,29,61,90,57,76,25,26,37,71,80,37,62,60,17,60,78,65,87,43,43,23,29,54,61,73,62,30,7,10,32,74,11,52
41,45,4,92,6,70,99,3,81,93,2,86,83,37,20,52,9,3,46,68,86,85,92,16,39,60,42,93,88,47,14,83,64,58,54,39,19,41,50,20,65
79,3,91,54,10,67,91,96,92,18,52,49,97,69,2,63,88,72,60,38,71,50,26,52,12,76,68,59,96,33,77,42,19,80,94,36,42,95,18,81,24
40,94,31,2,83,55,30,8,72,39,53,53,78,94,18,51,74,44,16,58,87,19,66,74,72,2,3,34,30,85,47,90,22,66,52,87,20,98,52,46,18
9,46,91,29,45,10,33,41,70,84,94,15,34,20,95,54,73,29,9,94,74,96,54,93,14,54,40,73,81,72,58,98,79,17,3,44,62,3,83,94,10
74,55,28,17,50,72,81,12,7,83,2,32,54,63,93,36,75,45,24,56,50,64,83,64,40,73,72,46,43,91,21,42,23,9,80,57,80,40,79,98,26
29,16,93,33,49,40,69,41,36,72,80,73,8,77,5,83,62,12,19,66,39,91,19,77,50,85,75,4,41,14,21,88,14,96,37,82,37,20,14,56,36
5,24,5,46,45,23,19,4,69,22,54,56,58,31,57,10,83,73,54,95,61,44,78,82,44,30,35,77,77,34,49,19,51,8,57,48,24,43,98,16,80
37,63,98,1,17,5,98,31,39,33,37,66,35,12,76,20,54,99,19,20,22,49,31,20,38,10,46,42,80,82,75,96,2,50,7,74,43,43,13,95,44
65,80,73,5,83,54,63,46,30,51,65,46,3,10,4,28,9,81,26,20,79,21,54,14,70,50,15,3,87,42,44,78,73,58,47,41,63,56,12,40,16
88,30,15,55,51,65,88,73,41,79,35,13,25,66,5,41,52,95,52,53,6,36,56,33,9,58,28,3,2,88,54,25,35,14,12,11,24,87,43,40,36
47,6,6,76,73,32,23,51,75,96,87,70,50,3,34,84,74,96,91,53,11,9,74,55,14,3,24,85,67,70,72,61,59,8,37,47,70,84,39,93,77
4,99,7,47,72,64,54,49,25,82,13,23,13,41,73,80,56,1,33,77,31,7,63,55,80,45,94,82,18,80,65,92,17,32,69,49,11,42,76,37,19
23,19,83,9,4,48,87,12,9,83,93,34,66,2,15,85,52,53,88,66,34,31,99,38,58,67,45,80,49,15,98,97,58,55,94,14,91,72,27,69,24
44,36,84,20,36,52,12,14,41,99,12,52,53,43,21,95,89,74,84,60,57,65,18,47,48,79,8,86,26,36,18,89,7,87,52,5,87,44,91,90,92
50,71,63,89,47,36,74,24,38,39,76,29,36,60,63,2,58,66,34,94,40,96,86,18,33,81,76,43,15,43,66,59,13,12,48,76,47,66,38,29,40
9,54,38,80,78,88,95,41,51,32,48,81,92,50,61,10,71,53,18,1,69,15,57,38,83,77,20,41,79,69,12,66,11,58,83,89,44,27,27,17,3
65,61,87,18,99,13,89,97,34,84,63,97,46,23,2,91,24,15,68,68,41,58,44,66,11,3,20,31,77,25,21,73,98,65,75,68,98,72,14,31,41
65,86,72,88,33,81,81,41,9,69,48,25,84,59,63,12,30,54,20,38,76,3,14,46,7,56,20,21,67,87,93,99,29,16,5,29,91,60,71,86,47
2,57,36,26,63,40,34,19,64,39,34,86,76,32,94,53,24,82,42,69,40,52,99,95,6,26,32,70,11,28,85,18,73,91,32,96,84,52,8,75,80
23,75,43,44,2,68,76,71,73,51,83,52,10,65,63,2,11,50,22,87,15,24,87,38,86,79,34,50,29,95,67,97,33,26,34,98,31,23,10,23,47
56,66,87,62,44,18,5,28,26,49,66,90,73,54,83,7,96,49,58,4,96,48,21,26,38,52,74,14,26,82,81,60,99,8,91,82,1,37,85,65,85
67,89,7,79,31,15,1,4,5,34,28,71,91,32,25,77,41,81,34,66,83,69,99,42,50,91,53,55,61,36,21,68,58,89,22,81,60,1,23,8,72
10,51,17,70,67,68,73,13,56,7,91,70,81,50,68,92,28,33,51,92,18,27,36,90,3,24,67,91,61,63,15,90,92,86,11,10,20,51,35,18,53
79,27,30,84,86,73,42,57,95,75,26,98,69,3,25,48,56,72,91,15,4,66,20,64,53,77,91,5,57,16,32,49,50,97,18,68,94,76,94,69,90
4,93,15,83,38,59,1,33,77,65,83,52,4,29,39,88,76,42,15,45,93,87,35,18,50,36,82,24,2,58,27,35,35,46,86,44,12,30,53,65,60
46,90,68,40,16,96,47,93,96,28,1,43,30,8,55,71,80,84,47,81,91,87,59,83,80,60,94,99,31,73,22,62,16,75,40,86,56,70,91,80,39
88,52,47,57,35,20,1,5,75,26,63,6,56,18,68,98,46,22,58,4,96,15,34,15,36,48,45,97,67,37,98,9,67,95,71,98,90,40,69,48,49
93,28,46,44,6,96,39,47,46,12,16,57,22,86,8,76,53,11,2,37,41,14,17,50,4,57,33,54,60,48,30,20,89,25,96,28,76,83,1,21,91
56,86,97,34,65,97,88,72,5,22,73,38,81,53,43,27,7,11,80,49,80,71,20,53,98,33,33,6,72,15,70,67,87,98,29,63,35,8,88,93,29
98,6,17,25,48,74,50,62,61,76,75,26,79,20,65,1,74,10,64,71,67,89,74,55,91,3,27,98,87,16,30,64,6,78,9,52,10,96,2,55,7
79,79,31,90,62,12,77,44,76,5,88,3,29,76,21,33,97,48,15,41,73,20,63,62,10,99,60,77,51,40,12,90,57,12,91,37,22,31,79,51,95

The initial sequence dependent setup time of each job processed on machine 9.
(Where rows denote jobs: 1 to 40 and columns denote jobs: 0 to 40.For example:The value of Sijk is in row j,column i+1.)
41,64,15,51,9,68,90,40,57,9,46,83,95,82,61,72,35,79,87,96,34,75,13,97,17,18,87,51,82,40,85,73,57,50,81,83,68,66,88,35,89
14,20,98,68,1,26,48,95,69,62,48,47,28,16,7,99,18,99,6,18,79,72,56,57,26,72,57,32,91,55,7,63,45,80,48,54,50,61,87,67,11
46,53,92,38,96,77,89,85,65,4,24,57,17,52,59,6,78,15,25,87,70,6,21,48,23,6,39,93,76,3,75,55,78,39,59,26,15,19,4,66,24
76,19,39,51,27,20,38,41,49,3,38,71,60,45,15,92,21,9,20,26,2,4,46,64,83,34,57,31,23,71,6,59,86,57,86,32,37,61,20,97,29
12,3,24,89,43,2,93,47,40,34,14,59,45,45,4,53,33,44,83,39,24,88,97,83,44,89,53,89,59,19,24,48,16,83,6,90,73,73,23,77,12
73,58,35,94,49,21,21,11,67,49,20,44,18,8,67,23,48,29,4,54,37,97,69,13,5,58,83,24,86,66,85,16,59,71,81,58,76,37,77,80,29
21,43,59,15,21,10,8,1,57,35,32,37,11,82,68,92,57,91,81,53,10,35,88,57,31,69,67,44,20,62,28,45,80,71,33,79,47,21,53,16,49
81,4,47,76,13,85,28,70,66,38,75,39,89,46,44,30,88,99,2,85,96,84,52,42,27,77,58,18,1,60,89,41,85,25,18,66,3,19,5,10,88
99,22,62,46,36,93,14,47,74,45,74,43,44,37,3,7,38,48,58,87,52,29,55,76,67,79,25,70,27,80,52,44,26,1,48,78,65,9,26,5,68
56,23,42,41,82,37,12,93,33,25,76,22,70,54,56,25,40,97,37,84,54,43,43,24,83,6,5,16,5,78,94,12,33,60,67,48,83,63,21,55,23
54,87,77,35,31,10,6,9,94,30,92,8,55,94,43,51,62,79,34,48,11,6,16,18,97,28,20,36,45,73,31,90,19,77,76,69,95,79,36,96,13
59,51,66,45,71,6,63,64,88,52,3,2,96,3,73,26,37,45,17,72,68,70,73,60,58,30,80,16,89,86,67,31,28,78,65,86,36,4,39,69,50
38,42,20,13,71,47,13,15,11,52,67,83,69,65,5,17,85,80,47,51,83,14,97,71,58,48,14,97,38,32,93,2,62,98,72,36,21,83,74,12,33
16,57,21,94,31,29,48,4,56,70,94,61,49,99,64,45,8,33,22,89,27,91,22,91,98,14,93,44,81,15,4,32,58,70,17,70,59,66,88,84,5
90,38,13,1,92,15,64,95,51,69,88,39,40,78,83,14,83,4,83,84,84,89,21,78,77,94,28,77,55,32,84,76,69,64,88,88,38,9,27,47,95
56,71,85,91,66,96,95,49,93,78,18,71,49,54,29,34,4,79,46,91,5,84,75,50,98,4,19,10,25,57,77,30,10,67,80,82,78,87,6,16,53
51,89,46,16,93,14,58,10,43,20,99,12,83,37,64,97,59,36,71,57,88,54,80,41,16,76,95,23,91,84,33,32,26,71,20,82,43,74,52,48,68
10,81,66,1,86,38,55,21,95,3,99,13,65,55,9,86,13,48,61,46,76,97,33,80,59,80,36,3,43,98,24,11,7,44,65,21,46,58,59,71,83
58,93,88,72,57,79,12,57,58,23,33,80,52,95,90,15,70,76,80,13,94,57,8,9,51,50,60,24,12,41,56,89,34,69,39,7,94,74,29,85,55
24,48,2,58,8,79,82,78,26,12,97,70,54,55,6,47,82,69,97,9,28,18,1,45,65,45,48,23,86,77,51,72,67,31,6,72,68,64,97,87,46
15,85,95,37,91,70,37,9,15,26,7,70,28,73,93,66,32,41,31,13,81,13,22,68,18,57,20,27,26,60,73,93,42,5,66,40,93,78,78,84,25
52,68,4,79,96,48,83,70,11,28,70,59,27,94,4,15,32,62,8,29,61,3,31,73,38,63,19,26,29,86,84,75,39,84,98,98,15,82,70,20,61
60,70,25,83,56,16,21,57,10,40,53,51,26,81,13,57,20,66,84,33,83,43,54,36,89,5,65,74,71,79,5,57,94,46,66,75,30,16,77,38,65
90,94,52,83,98,29,65,68,33,78,38,28,46,96,17,12,84,57,61,38,8,94,92,53,45,64,31,22,42,57,97,74,94,49,29,17,35,29,35,41,51
14,35,20,38,99,39,59,14,52,78,97,29,78,90,26,63,15,64,11,78,10,35,81,84,65,18,36,60,44,74,85,10,69,35,25,11,91,35,45,99,91
17,29,36,2,73,73,33,38,85,51,9,78,86,57,81,14,60,77,2,38,66,63,41,78,51,13,6,52,35,16,70,93,12,15,18,53,44,90,52,39,13
24,70,97,3,87,82,51,4,56,90,63,71,62,83,52,86,73,99,15,65,62,58,36,12,4,33,71,85,10,89,59,77,4,47,5,3,68,86,6,70,13
11,97,77,80,88,15,83,9,84,49,10,92,28,57,27,31,35,14,11,2,56,33,43,62,83,50,93,28,76,62,44,74,9,91,50,57,32,84,39,40,74
16,68,37,10,49,93,53,51,33,94,19,92,40,52,65,3,60,65,13,69,11,88,67,74,6,69,75,90,60,46,10,21,4,19,35,13,76,22,32,41,17
26,28,6,44,38,24,48,44,86,93,2,70,43,39,4,1,14,10,22,89,9,96,39,88,68,21,75,2,55,97,68,95,89,57,74,54,4,34,20,62,81
9,25,54,83,38,73,88,22,82,50,57,22,89,72,2,24,38,55,99,98,67,19,22,82,49,80,67,30,24,81,62,50,31,11,56,82,22,54,91,90,48
86,11,10,55,79,47,7,98,96,16,69,85,24,23,21,65,23,42,46,54,84,87,67,88,90,76,94,44,63,39,87,71,70,29,89,21,70,34,25,75,27
10,92,51,11,69,54,53,89,20,64,4,70,9,57,18,64,99,5,64,88,51,48,68,24,4,12,15,58,39,71,29,83,4,20,93,10,38,16,58,70,83
65,60,3,10,64,18,74,52,35,92,90,64,40,24,24,39,78,60,55,81,25,74,15,68,66,67,84,29,25,1,21,67,59,23,73,33,30,28,30,49,74
46,81,12,73,88,16,16,69,63,25,65,99,8,74,81,68,38,74,28,20,83,53,30,85,7,27,20,34,89,43,38,39,78,91,96,74,62,62,6,85,64
52,44,90,6,13,29,85,41,61,61,38,89,16,54,38,40,22,39,44,22,77,9,41,14,51,26,15,62,72,7,72,52,52,62,9,45,76,12,20,59,61
18,40,97,77,22,92,37,16,9,50,77,53,77,95,3,95,10,55,27,91,83,65,2,15,94,67,28,11,20,24,69,83,77,78,86,50,65,32,44,83,26
60,25,61,99,37,36,25,73,68,10,6,10,86,49,21,18,62,33,57,18,79,99,56,52,18,78,60,67,78,61,63,6,3,6,45,83,11,85,57,51,58
88,66,66,45,66,44,59,89,56,52,6,14,83,11,51,4,37,29,84,74,18,83,17,32,90,81,66,25,77,22,12,73,48,20,33,27,69,33,48,44,33
42,35,40,68,90,39,75,40,20,5,36,64,17,48,27,4,79,57,54,2,45,88,89,9,40,74,26,16,25,2,98,74,53,59,8,53,23,77,37,38,79

The initial sequence dependent setup time of each job processed on machine 10.
(Where rows denote jobs: 1 to 40 and columns denote jobs: 0 to 40.For example:The value of Sijk is in row j,column i+1.)
67,17,88,77,26,79,45,84,92,58,11,86,38,79,85,35,51,3,92,15,56,5,45,25,34,69,7,56,47,26,32,97,99,82,5,19,15,64,1,73,24
71,54,70,73,90,97,42,89,70,71,24,14,96,7,2,37,59,31,11,58,85,6,86,90,86,61,76,72,49,1,11,28,70,97,15,4,29,19,30,59,56
83,42,43,10,56,66,53,48,17,26,85,28,68,90,40,30,36,72,85,93,27,84,27,29,83,87,44,52,88,40,95,48,18,23,22,65,28,90,40,91,63
79,69,76,47,32,2,68,63,30,93,98,71,99,94,40,66,76,37,35,55,24,35,78,27,44,32,59,11,84,92,53,66,47,55,68,20,15,14,48,36,41
78,94,90,29,34,35,15,56,93,87,57,51,78,70,17,69,7,82,11,19,44,29,95,60,12,24,64,9,15,84,41,75,23,59,36,10,26,42,31,76,56
1,56,53,32,6,11,12,46,39,85,63,61,92,8,16,4,50,39,44,82,19,25,81,1,13,49,52,14,42,11,77,35,94,25,81,43,96,26,60,99,85
28,13,4,10,18,71,39,78,70,79,76,8,83,31,53,4,20,39,62,33,88,85,56,86,64,69,41,36,38,53,12,59,29,20,90,94,29,99,16,41,99
8,25,33,33,11,95,29,73,67,99,57,16,8,4,27,8,74,15,12,65,93,56,72,51,72,93,70,88,61,82,55,32,41,38,97,6,74,39,54,38,89
77,46,86,59,94,28,7,2,29,92,4,97,97,77,16,98,89,60,77,47,75,74,72,18,7,58,87,70,20,76,72,44,42,50,15,63,54,20,92,17,39
17,38,61,11,13,80,72,84,56,39,33,8,56,82,76,16,59,84,27,33,70,14,50,81,27,17,59,3,98,1,87,70,3,70,39,78,92,34,25,56,82
95,58,2,65,9,3,43,86,62,4,22,74,97,59,95,87,86,61,32,50,76,58,79,55,20,55,16,87,25,13,78,17,35,72,25,66,81,72,63,53,77
40,80,7,22,78,57,50,66,61,48,25,4,46,83,96,44,12,73,42,28,68,82,85,19,5,42,45,43,65,91,58,93,75,11,36,10,33,22,8,40,91
76,90,19,80,55,51,45,13,28,61,40,74,43,26,45,97,29,79,55,50,72,84,46,40,2,74,36,39,1,4,20,60,79,28,89,47,24,65,37,60,30
88,76,56,12,9,75,54,70,94,36,76,94,67,66,93,72,52,55,90,66,87,94,31,19,3,40,17,33,7,59,86,9,69,30,61,98,56,90,41,73,29
94,79,89,89,9,35,85,58,39,48,2,65,96,92,5,56,30,80,24,47,89,53,28,97,95,87,23,38,51,72,64,67,36,73,40,74,59,10,13,78,1
22,47,27,12,90,14,62,41,78,6,69,17,73,16,27,35,17,68,19,93,85,54,35,50,99,85,45,33,48,53,81,82,63,4,43,67,37,80,20,57,81
11,60,44,44,62,84,10,4,42,47,48,28,19,89,70,73,94,15,91,72,55,33,98,23,15,43,94,18,63,40,33,21,98,3,3,39,65,30,3,52,20
73,92,8,18,17,9,82,48,47,96,55,12,84,78,60,60,77,47,49,65,43,14,34,90,95,40,73,68,2,42,70,55,18,20,52,7,61,84,96,59,43
93,46,52,53,79,61,73,31,80,75,5,91,64,52,4,23,99,67,95,21,76,21,52,89,23,84,87,82,91,26,70,3,68,70,25,39,73,39,78,81,74
53,52,22,15,31,11,21,7,20,99,75,40,34,84,53,9,19,73,85,80,16,24,1,9,47,18,72,35,56,94,22,25,96,1,98,14,38,93,1,84,77
32,20,14,55,26,62,4,3,41,24,39,67,91,87,71,3,38,1,82,8,7,54,15,18,42,96,37,38,19,91,27,36,26,29,79,53,87,47,1,82,87
1,24,74,57,81,23,42,92,60,61,62,28,68,76,32,9,21,85,45,21,93,54,49,65,99,69,73,89,32,64,11,44,37,20,3,39,72,21,28,60,3
73,46,51,63,62,15,65,64,86,20,12,6,3,94,27,33,12,90,6,86,93,8,62,73,2,18,76,23,24,25,33,59,16,11,53,97,22,99,35,61,89
84,69,56,43,93,32,53,22,21,92,47,47,29,37,97,22,53,36,9,51,3,33,77,42,48,69,72,55,57,81,69,82,93,26,74,25,65,54,50,47,98
60,15,71,29,30,77,34,66,59,80,77,42,88,8,16,82,98,98,33,92,82,36,33,53,63,53,42,98,78,30,7,4,37,65,76,95,41,36,16,84,71
34,58,61,76,63,49,54,66,87,76,96,25,87,36,87,91,59,3,5,79,24,40,76,85,35,90,82,37,13,29,73,9,6,45,47,66,88,62,8,12,9
91,24,47,53,23,35,1,53,91,90,46,25,47,29,59,72,42,72,20,98,59,29,74,25,24,49,39,9,29,50,99,86,14,43,74,93,86,28,27,88,38
48,86,2,27,58,12,90,83,23,77,55,94,38,87,75,63,77,23,64,85,54,7,17,89,81,86,62,62,92,13,57,43,45,94,70,1,52,70,5,52,94
3,65,66,42,78,37,22,96,83,49,48,50,62,18,63,42,81,18,39,3,53,35,25,89,97,22,7,32,75,41,83,24,94,41,45,70,24,63,1,8,5
55,99,13,45,72,51,78,39,18,74,33,68,32,85,57,5,20,52,16,13,57,28,17,83,35,16,31,28,70,69,83,9,69,43,6,78,99,7,51,34,55
62,69,10,90,31,82,68,60,83,91,86,39,44,24,93,23,89,80,48,86,28,44,33,50,10,78,83,4,29,10,58,67,28,52,93,2,60,91,28,69,15
42,27,20,10,54,57,93,25,47,24,87,25,84,40,24,70,44,92,67,14,31,5,70,86,37,35,44,57,97,66,89,9,46,6,88,71,15,29,82,3,25
14,13,57,42,15,66,43,2,58,67,28,59,66,1,87,48,15,60,80,29,98,58,57,6,3,14,40,54,69,78,40,52,98,34,56,97,11,53,58,75,4
6,88,80,32,79,38,69,49,74,78,3,38,99,52,29,61,36,93,40,95,22,77,81,41,29,86,3,21,38,71,13,39,43,73,99,7,18,15,55,86,47
98,76,12,90,48,86,55,11,19,40,27,27,82,66,51,1,45,72,51,15,23,53,62,76,23,68,14,79,10,46,84,51,45,16,83,59,52,71,78,83,26
53,82,17,38,58,87,90,90,82,59,18,10,35,70,75,25,49,9,22,19,3,29,76,30,96,59,76,58,91,84,58,42,89,77,92,37,95,93,67,58,87
42,11,53,75,55,2,18,14,23,9,96,50,66,55,94,73,96,31,52,69,94,8,48,87,62,44,93,66,72,63,17,42,39,90,25,16,78,85,21,46,64
3,9,81,50,7,31,34,23,87,8,84,34,83,3,95,59,23,53,70,25,33,87,35,16,59,44,51,29,11,70,50,94,35,99,30,26,66,79,54,5,90
17,41,51,18,34,2,39,87,31,67,95,86,69,15,31,27,40,82,43,60,40,58,71,89,38,15,52,31,93,53,45,27,29,64,27,70,80,17,33,4,12
35,25,6,17,60,65,47,70,9,80,36,20,49,83,76,93,96,69,3,29,49,33,74,99,44,1,36,29,7,84,20,15,8,30,20,42,49,38,46,52,55

